5
1
5
3
2
1
1
1
5
5
6
5
4
5
10
10
2
16
3
9
2753
17
345
120
24
67
95
6
1
18
34
5
5
1
2
1
2
1
1
1
7
30
111
5
1
6
20
11
1
2
10
10
9
9
8
4
8
10
6
7
33
1
3
6
1
5
1
6
1
7
48
51
1
1
1
1
1
1
3
6
1
7
2
1
1
1
2
1
7
1
1
1
4
2
1
2
1
1
2
1
1
4
1
2
1
1
172
1
5
2
2
2
1
1
2
3
1
1
1
1
1
2
2
2
1
1
1
1
5
1
1
1
1
1
1
2
1
1
1
1
1
1
1
1
1
1
1
2
1
1
1
1
1
1
1
1
2
2
1
3
1
1
1
1
1
1
1
1
2
2
2
2
2
2
3
3
3
3
3
3
3
3
3
3
3
3
3
3
3
3
3
3
3
3
2
2
5
1
2
1
1
2
30
2
2
2
2
3
11
3
1
19
18
1
4
1
1
12
4
5
5
6
93
6
5
4
4
1
1
3
14
24
5
1
1
2
5
1
9
1
1
1
1
1
1
1
2
2
1
1
1
1
1
8
5
1
1
1
1
1
4
1
4
3
16
8
3
10
2
5
16
1
3
2
3
3
3
1
1
8
1
2
4
14
3
7
33
1
9
1
1
5
3
1
1
2
3
12
17
1
4
2
4
1
160
2
2
16
17
10
10
10
5
3
1
18
2
1
3
3
17
3
1
5
4
4
4
8
3
8
2
2
9
13
6
227
1
4
1
3
17
8
5
3
3
3
2
1
1
2
1
1
1
1
15
3
1
4
1
5
3
3
3
3
3
24
1
1
3
1
5
2
2
1
5
1
2
2
3
3
3
24
16
3
1
1
1
2
2
2
2
3
24
2
2
1
1
4
1
1
4
2
2
1
3
1
3
1
1
2
1
1
8
10
2
1
1
1
1
40
2
4
2
1
2
6
670
20
3
304
1
1
36
4
30
10
5
7
5
3
1
1
3
17
5
2
18
14
1
1
3
1
15
20
6
11
9
3
2
61
37
5
8
8
17
31
4
1
6
6
3
1
2
1
1
1
8
1
1
1
2
3
2
1
2
5
6
6
11
21
2
12
2
2
3
1
11
3
1
11
1
1
4
5
3
2
2
1
2
1
6
1
1
2
8
4
1
2
8
10
2
2
1
1
1
1
1
1
16
4
4
4
4
4
4
4
2
8
7
7
61
61
61
61
61
61
61
61
16
2
1
10
9
6
1
1
1
5
4
730
1
1
11
1
1
2
12
2
13
20
4
38
3
500
2
1
1
1
4
1
38
2
3
2
3
1
1
10
2
2
2
2
27
21
11
1
20
9
1
9
9
9
9
9
9
51
396
1
1
1
1
122
4
15
3
3
9
6
9
3
47
5
6
26
14
26
10
2
2
9
3
8
10
3
6
1
12
5
5
2
2
1
1
2
5
17
16
4
9
11
4
1
2
7
1
1
1
1
1
1
5
2
1
12
1
1
1
1
1
1
1
1
1
5
1
24
2
2
2
2
2
1
1
13
1
1
1
1
1
1
1
1
8
1
1
1
1
1
1
1
10
290
8
2
16
8
1
1
20
1
1
2
2
1
1
1
8
12
37
35
8
4
31
9
6
11
2
1
1
1
9
3
12
2
13
10
5
7
1
3
6
6
2
1
2
2
1
1
7
5
6
1
2
5
2
1
1
3
3
2
3
3
2
3
2
5
1
3
1
1
1
2
1
2
1
2
1
1
33
8
8
1
1
2
2
2
2
2
1
8
3
2
2
2
7
7
7
7
7
7
7
7
7
6
6
6
1
1
1
1
1
1
1
1
1
2
3
2
4
5
9
6
7
2
8
8
28
28
27
28
28
27
6
6
6
6
6
6
11
4
11
4
11
4
11
4
11
4
11
4
6
5
6
2
6
2
2
2
7
5
8
9
11
8
3
3
3
3
3
3
5
5
4
4
3
3
3
3
3
3
3
8
6
9
3
3
3
10
3
3
3
3
3
3
3
3
3
3
3
3
3
11
3
3
3
3
3
33
6
6
1
2
3
3
6
2
6
2
3
2
1
1
3
14
6
6
6
6
6
6
6
6
6
3
3
7
1
1
1
1
3
2
2
2
2
2
2
2
2
2
5
4
4
1
1
1
1
1
39
23
6
3
1
4
1
1
4
4
18
12
13
7
5
4
1
3
2
3
3
3
4
4
6
4
4
4
3
3
4
3
3
3
1
14
3
3
3
3
3
3
1
2
3
3
2
2
4
1
3
2
2
3
3
2
2
1
3
3
1
1
4
2
3
3
3
3
2
2
2
2
2
2
2
3
3
2
2
2
2
2
2
3
3
2
2
2
2
3
3
2
2
2
2
3
3
2
2
2
2
3
3
2
2
15
2
4
3
3
1
2
2
1
8
8
8
8
8
8
8
8
8
36
36
36
36
36
36
36
36
36
30
30
30
30
30
30
30
30
30
2
24
7
6
6
6
24
7
6
6
6
24
7
6
6
6
24
7
6
6
6
24
7
6
6
6
24
7
6
6
6
24
7
6
6
6
24
7
6
6
6
24
7
6
6
6
20
15
15
15
8
8
8
8
5
5
5
5
5
5
5
5
5
5
5
5
5
5
5
5
5
5
5
10
9
10
9
10
5
5
5
5
5
6
4
2
2
2
2
6
6
6
5
3
3
2
2
3
2
6
2
1
5
1
2
3
3
3
3
2
10
3
3
4
1
1
1
1
1
1
2
1
2
12
1
1
1
2
12
0
8
36
1
33
14
21
21
3
3
10
7
14
14
26
26
18
8
6
6
6
6
6
5
22
9
8
4
4
6
12
11
11
1
1
19
157
30
4
11
2
9
1
1
11
11
7
7
18
1
35
32
8
2
2
1
8
9
10
9
27
17
5
3
8
2
1
1
1
1
1
1
2
4
1
3
1
3
6
1
1
11
1
1
2
8
22
2
1
2
2
3
3
4
1
3
3
6
2
2
2
15
12
3
3
4
3
1
5
5
4
1
2
6
1
4
2
2
9
1
2
2
1
2
1
1
1
1
4
4
7
6
1
2
2
2
3
27
2
4
1
2
1
2
1
1
1
1
29
1
4
2
10
44
4
8
8
8
43
38
37
34
33
30
29
26
16
13
12
9
8
5
4
16
1
1
1
1
2
3
3
1
1
2
1
1
1
78
26
1
1
1
1
1
1
1
2
1
1
1
9
11
11
8
2
2
2
2
1
