440
mesh_pic_bandits 0 pic_bandits 0.000000 0.000000 0.000000 0.000000 0.000000 0.000000 1.000000 1.000000 1.000000
mesh_pic_mb_warrior_1 0 pic_mb_warrior_1 0.000000 0.000000 0.000000 0.000000 0.000000 0.000000 1.000000 1.000000 1.000000
mesh_pic_messenger 0 pic_messenger 0.000000 0.000000 0.000000 0.000000 0.000000 0.000000 1.000000 1.000000 1.000000
mesh_pic_prisoner_man 0 pic_prisoner_man 0.000000 0.000000 0.000000 0.000000 0.000000 0.000000 1.000000 1.000000 1.000000
mesh_pic_prisoner_fem 0 pic_prisoner_fem 0.000000 0.000000 0.000000 0.000000 0.000000 0.000000 1.000000 1.000000 1.000000
mesh_pic_prisoner_wilderness 0 pic_prisoner_wilderness 0.000000 0.000000 0.000000 0.000000 0.000000 0.000000 1.000000 1.000000 1.000000
mesh_pic_siege_sighted 0 pic_siege_sighted 0.000000 0.000000 0.000000 0.000000 0.000000 0.000000 1.000000 1.000000 1.000000
mesh_pic_siege_sighted_fem 0 pic_siege_sighted_fem 0.000000 0.000000 0.000000 0.000000 0.000000 0.000000 1.000000 1.000000 1.000000
mesh_pic_camp 0 pic_camp 0.000000 0.000000 0.000000 0.000000 0.000000 0.000000 1.000000 1.000000 1.000000
mesh_pic_payment 0 pic_payment 0.000000 0.000000 0.000000 0.000000 0.000000 0.000000 1.000000 1.000000 1.000000
mesh_pic_escape_1 0 pic_escape_1 0.000000 0.000000 0.000000 0.000000 0.000000 0.000000 1.000000 1.000000 1.000000
mesh_pic_escape_1_fem 0 pic_escape_1_fem 0.000000 0.000000 0.000000 0.000000 0.000000 0.000000 1.000000 1.000000 1.000000
mesh_pic_victory 0 pic_victory 0.000000 0.000000 0.000000 0.000000 0.000000 0.000000 1.000000 1.000000 1.000000
mesh_pic_defeat 0 pic_defeat 0.000000 0.000000 0.000000 0.000000 0.000000 0.000000 1.000000 1.000000 1.000000
mesh_pic_wounded 0 pic_wounded 0.000000 0.000000 0.000000 0.000000 0.000000 0.000000 1.000000 1.000000 1.000000
mesh_pic_wounded_fem 0 pic_wounded_fem 0.000000 0.000000 0.000000 0.000000 0.000000 0.000000 1.000000 1.000000 1.000000
mesh_pic_steppe_bandits 0 pic_steppe_bandits 0.000000 0.000000 0.000000 0.000000 0.000000 0.000000 1.000000 1.000000 1.000000
mesh_pic_mountain_bandits 0 pic_mountain_bandits 0.000000 0.000000 0.000000 0.000000 0.000000 0.000000 1.000000 1.000000 1.000000
mesh_pic_sea_raiders 0 pic_sea_raiders 0.000000 0.000000 0.000000 0.000000 0.000000 0.000000 1.000000 1.000000 1.000000
mesh_pic_deserters 0 pic_deserters 0.000000 0.000000 0.000000 0.000000 0.000000 0.000000 1.000000 1.000000 1.000000
mesh_pic_forest_bandits 0 pic_forest_bandits 0.000000 0.000000 0.000000 0.000000 0.000000 0.000000 1.000000 1.000000 1.000000
mesh_pic_cattle 0 pic_cattle 0.000000 0.000000 0.000000 0.000000 0.000000 0.000000 1.000000 1.000000 1.000000
mesh_pic_looted_village 0 pic_looted_village 0.000000 0.000000 0.000000 0.000000 0.000000 0.000000 1.000000 1.000000 1.000000
mesh_pic_village_p 0 pic_village_p 0.000000 0.000000 0.000000 0.000000 0.000000 0.000000 1.000000 1.000000 1.000000
mesh_pic_village_s 0 pic_village_s 0.000000 0.000000 0.000000 0.000000 0.000000 0.000000 1.000000 1.000000 1.000000
mesh_pic_village_w 0 pic_village_w 0.000000 0.000000 0.000000 0.000000 0.000000 0.000000 1.000000 1.000000 1.000000
mesh_pic_recruits 0 pic_recruits 0.000000 0.000000 0.000000 0.000000 0.000000 0.000000 1.000000 1.000000 1.000000
mesh_pic_arms_swadian 0 pic_arms_swadian 0.000000 0.000000 0.000000 0.000000 0.000000 0.000000 1.000000 1.000000 1.000000
mesh_pic_arms_vaegir 0 pic_arms_vaegir 0.000000 0.000000 0.000000 0.000000 0.000000 0.000000 1.000000 1.000000 1.000000
mesh_pic_arms_khergit 0 pic_arms_khergit 0.000000 0.000000 0.000000 0.000000 0.000000 0.000000 1.000000 1.000000 1.000000
mesh_pic_arms_nord 0 pic_arms_nord 0.000000 0.000000 0.000000 0.000000 0.000000 0.000000 1.000000 1.000000 1.000000
mesh_pic_arms_rhodok 0 pic_arms_rhodok 0.000000 0.000000 0.000000 0.000000 0.000000 0.000000 1.000000 1.000000 1.000000
mesh_pic_sarranid_arms 0 pic_sarranid_arms 0.000000 0.000000 0.000000 0.000000 0.000000 0.000000 1.000000 1.000000 1.000000
mesh_pic_castle1 0 pic_castle1 0.000000 0.000000 0.000000 0.000000 0.000000 0.000000 1.000000 1.000000 1.000000
mesh_pic_castledes 0 pic_castledes 0.000000 0.000000 0.000000 0.000000 0.000000 0.000000 1.000000 1.000000 1.000000
mesh_pic_castlesnow 0 pic_castlesnow 0.000000 0.000000 0.000000 0.000000 0.000000 0.000000 1.000000 1.000000 1.000000
mesh_pic_charge 0 pic_charge 0.000000 0.000000 0.000000 0.000000 0.000000 0.000000 1.000000 1.000000 1.000000
mesh_pic_khergit 0 pic_khergit 0.000000 0.000000 0.000000 0.000000 0.000000 0.000000 1.000000 1.000000 1.000000
mesh_pic_nord 0 pic_nord 0.000000 0.000000 0.000000 0.000000 0.000000 0.000000 1.000000 1.000000 1.000000
mesh_pic_rhodock 0 pic_rhodock 0.000000 0.000000 0.000000 0.000000 0.000000 0.000000 1.000000 1.000000 1.000000
mesh_pic_sally_out 0 pic_sally_out 0.000000 0.000000 0.000000 0.000000 0.000000 0.000000 1.000000 1.000000 1.000000
mesh_pic_siege_attack 0 pic_siege_attack 0.000000 0.000000 0.000000 0.000000 0.000000 0.000000 1.000000 1.000000 1.000000
mesh_pic_swad 0 pic_swad 0.000000 0.000000 0.000000 0.000000 0.000000 0.000000 1.000000 1.000000 1.000000
mesh_pic_town1 0 pic_town1 0.000000 0.000000 0.000000 0.000000 0.000000 0.000000 1.000000 1.000000 1.000000
mesh_pic_towndes 0 pic_towndes 0.000000 0.000000 0.000000 0.000000 0.000000 0.000000 1.000000 1.000000 1.000000
mesh_pic_townriot 0 pic_townriot 0.000000 0.000000 0.000000 0.000000 0.000000 0.000000 1.000000 1.000000 1.000000
mesh_pic_townsnow 0 pic_townsnow 0.000000 0.000000 0.000000 0.000000 0.000000 0.000000 1.000000 1.000000 1.000000
mesh_pic_vaegir 0 pic_vaegir 0.000000 0.000000 0.000000 0.000000 0.000000 0.000000 1.000000 1.000000 1.000000
mesh_pic_villageriot 0 pic_villageriot 0.000000 0.000000 0.000000 0.000000 0.000000 0.000000 1.000000 1.000000 1.000000
mesh_pic_sarranid_encounter 0 pic_sarranid_encounter 0.000000 0.000000 0.000000 0.000000 0.000000 0.000000 1.000000 1.000000 1.000000
mesh_pic_sexy_1 0 pic_sexy_1 0.000000 0.000000 0.000000 0.000000 0.000000 0.000000 1.000000 1.000000 1.000000
mesh_pic_sexy_2 0 pic_sexy_2 0.000000 0.000000 0.000000 0.000000 0.000000 0.000000 1.000000 1.000000 1.000000
mesh_pic_sexy_3 0 pic_sexy_3 0.000000 0.000000 0.000000 0.000000 0.000000 0.000000 1.000000 1.000000 1.000000
mesh_pic_trainig_equit 0 pic_trainig_equit 0.000000 0.000000 0.000000 0.000000 0.000000 0.000000 1.000000 1.000000 1.000000
mesh_pic_soins 0 pic_soins 0.000000 0.000000 0.000000 0.000000 0.000000 0.000000 1.000000 1.000000 1.000000
mesh_pic_benire 0 pic_benire 0.000000 0.000000 0.000000 0.000000 0.000000 0.000000 1.000000 1.000000 1.000000
mesh_pic_trainig_generique 0 pic_trainig_generique 0.000000 0.000000 0.000000 0.000000 0.000000 0.000000 1.000000 1.000000 1.000000
mesh_pic_chevalier 0 pic_chevalier 0.000000 0.000000 0.000000 0.000000 0.000000 0.000000 1.000000 1.000000 1.000000
mesh_pic_mercenaire 0 pic_mercenaire 0.000000 0.000000 0.000000 0.000000 0.000000 0.000000 1.000000 1.000000 1.000000
mesh_pic_marchand 0 pic_marchand 0.000000 0.000000 0.000000 0.000000 0.000000 0.000000 1.000000 1.000000 1.000000
mesh_pic_chasseur 0 pic_chasseur 0.000000 0.000000 0.000000 0.000000 0.000000 0.000000 1.000000 1.000000 1.000000
mesh_pic_rebel 0 pic_rebel 0.000000 0.000000 0.000000 0.000000 0.000000 0.000000 1.000000 1.000000 1.000000
mesh_pic_bandit 0 pic_bandit 0.000000 0.000000 0.000000 0.000000 0.000000 0.000000 1.000000 1.000000 1.000000
mesh_pic_anglais 0 pic_anglais 0.000000 0.000000 0.000000 0.000000 0.000000 0.000000 1.000000 1.000000 1.000000
mesh_pic_bourgignon 0 pic_bourgignon 0.000000 0.000000 0.000000 0.000000 0.000000 0.000000 1.000000 1.000000 1.000000
mesh_pic_catacombs 0 pic_catacombs 0.000000 0.000000 0.000000 0.000000 0.000000 0.000000 1.000000 1.000000 1.000000
mesh_pic_mort 0 pic_mort 0.000000 0.000000 0.000000 0.000000 0.000000 0.000000 1.000000 1.000000 1.000000
mesh_pic_sexy_4 0 pic_sexy_4 0.000000 0.000000 0.000000 0.000000 0.000000 0.000000 1.000000 1.000000 1.000000
mesh_pic_joute 0 pic_joute 0.000000 0.000000 0.000000 0.000000 0.000000 0.000000 1.000000 1.000000 1.000000
mesh_pic_ecuyer 0 pic_ecuyer 0.000000 0.000000 0.000000 0.000000 0.000000 0.000000 1.000000 1.000000 1.000000
mesh_pic_town_recruit 0 pic_town_recruit 0.000000 0.000000 0.000000 0.000000 0.000000 0.000000 1.000000 1.000000 1.000000
mesh_mp_score_a 0 mp_score_a 0.000000 0.000000 0.000000 0.000000 0.000000 0.000000 1.000000 1.000000 1.000000
mesh_mp_score_b 0 mp_score_b 0.000000 0.000000 0.000000 0.000000 0.000000 0.000000 1.000000 1.000000 1.000000
mesh_portrait_blend_out 0 portrait_blend_out 0.000000 0.000000 0.000000 0.000000 0.000000 0.000000 1.000000 1.000000 1.000000
mesh_load_window 0 load_window 0.000000 0.000000 0.000000 0.000000 0.000000 0.000000 1.000000 1.000000 1.000000
mesh_checkbox_off 1 checkbox_off 0.000000 0.000000 0.000000 0.000000 0.000000 0.000000 1.000000 1.000000 1.000000
mesh_checkbox_on 1 checkbox_on 0.000000 0.000000 0.000000 0.000000 0.000000 0.000000 1.000000 1.000000 1.000000
mesh_white_plane 0 white_plane 0.000000 0.000000 0.000000 0.000000 0.000000 0.000000 1.000000 1.000000 1.000000
mesh_white_dot 0 white_dot 0.000000 0.000000 0.000000 0.000000 0.000000 0.000000 1.000000 1.000000 1.000000
mesh_player_dot 0 player_dot 0.000000 0.000000 0.000000 0.000000 0.000000 0.000000 1.000000 1.000000 1.000000
mesh_flag_infantry 0 flag_infantry 0.000000 0.000000 0.000000 0.000000 0.000000 0.000000 1.000000 1.000000 1.000000
mesh_flag_archers 0 flag_archers 0.000000 0.000000 0.000000 0.000000 0.000000 0.000000 1.000000 1.000000 1.000000
mesh_flag_cavalry 0 flag_cavalry 0.000000 0.000000 0.000000 0.000000 0.000000 0.000000 1.000000 1.000000 1.000000
mesh_inv_slot 0 inv_slot 0.000000 0.000000 0.000000 0.000000 0.000000 0.000000 1.000000 1.000000 1.000000
mesh_mp_ingame_menu 0 mp_ingame_menu 0.000000 0.000000 0.000000 0.000000 0.000000 0.000000 1.000000 1.000000 1.000000
mesh_mp_inventory_left 0 mp_inventory_left 0.000000 0.000000 0.000000 0.000000 0.000000 0.000000 1.000000 1.000000 1.000000
mesh_mp_inventory_right 0 mp_inventory_right 0.000000 0.000000 0.000000 0.000000 0.000000 0.000000 1.000000 1.000000 1.000000
mesh_mp_inventory_choose 0 mp_inventory_choose 0.000000 0.000000 0.000000 0.000000 0.000000 0.000000 1.000000 1.000000 1.000000
mesh_mp_inventory_slot_glove 0 mp_inventory_slot_glove 0.000000 0.000000 0.000000 0.000000 0.000000 0.000000 1.000000 1.000000 1.000000
mesh_mp_inventory_slot_horse 0 mp_inventory_slot_horse 0.000000 0.000000 0.000000 0.000000 0.000000 0.000000 1.000000 1.000000 1.000000
mesh_mp_inventory_slot_armor 0 mp_inventory_slot_armor 0.000000 0.000000 0.000000 0.000000 0.000000 0.000000 1.000000 1.000000 1.000000
mesh_mp_inventory_slot_helmet 0 mp_inventory_slot_helmet 0.000000 0.000000 0.000000 0.000000 0.000000 0.000000 1.000000 1.000000 1.000000
mesh_mp_inventory_slot_boot 0 mp_inventory_slot_boot 0.000000 0.000000 0.000000 0.000000 0.000000 0.000000 1.000000 1.000000 1.000000
mesh_mp_inventory_slot_empty 0 mp_inventory_slot_empty 0.000000 0.000000 0.000000 0.000000 0.000000 0.000000 1.000000 1.000000 1.000000
mesh_mp_inventory_slot_equip 0 mp_inventory_slot_equip 0.000000 0.000000 0.000000 0.000000 0.000000 0.000000 1.000000 1.000000 1.000000
mesh_mp_inventory_left_arrow 0 mp_inventory_left_arrow 0.000000 0.000000 0.000000 0.000000 0.000000 0.000000 1.000000 1.000000 1.000000
mesh_mp_inventory_right_arrow 0 mp_inventory_right_arrow 0.000000 0.000000 0.000000 0.000000 0.000000 0.000000 1.000000 1.000000 1.000000
mesh_mp_ui_host_main 0 mp_ui_host_main 0.000000 0.000000 0.000000 0.000000 0.000000 0.000000 1.000000 1.000000 1.000000
mesh_mp_ui_host_maps_1 0 mp_ui_host_maps_a1 0.000000 0.000000 0.000000 0.000000 0.000000 0.000000 1.000000 1.000000 1.000000
mesh_mp_ui_host_maps_2 0 mp_ui_host_maps_a2 0.000000 0.000000 0.000000 0.000000 0.000000 0.000000 1.000000 1.000000 1.000000
mesh_mp_ui_host_maps_3 0 mp_ui_host_maps_c 0.000000 0.000000 0.000000 0.000000 0.000000 0.000000 1.000000 1.000000 1.000000
mesh_mp_ui_host_maps_4 0 mp_ui_host_maps_ruinedf 0.000000 0.000000 0.000000 0.000000 0.000000 0.000000 1.000000 1.000000 1.000000
mesh_mp_ui_host_maps_5 0 mp_ui_host_maps_a1 0.000000 0.000000 0.000000 0.000000 0.000000 0.000000 1.000000 1.000000 1.000000
mesh_mp_ui_host_maps_6 0 mp_ui_host_maps_a1 0.000000 0.000000 0.000000 0.000000 0.000000 0.000000 1.000000 1.000000 1.000000
mesh_mp_ui_host_maps_7 0 mp_ui_host_maps_fieldby 0.000000 0.000000 0.000000 0.000000 0.000000 0.000000 1.000000 1.000000 1.000000
mesh_mp_ui_host_maps_8 0 mp_ui_host_maps_castle2 0.000000 0.000000 0.000000 0.000000 0.000000 0.000000 1.000000 1.000000 1.000000
mesh_mp_ui_host_maps_9 0 mp_ui_host_maps_snovyv 0.000000 0.000000 0.000000 0.000000 0.000000 0.000000 1.000000 1.000000 1.000000
mesh_mp_ui_host_maps_10 0 mp_ui_host_maps_castle3 0.000000 0.000000 0.000000 0.000000 0.000000 0.000000 1.000000 1.000000 1.000000
mesh_mp_ui_host_maps_11 0 mp_ui_host_maps_c1 0.000000 0.000000 0.000000 0.000000 0.000000 0.000000 1.000000 1.000000 1.000000
mesh_mp_ui_host_maps_12 0 mp_ui_host_maps_c2 0.000000 0.000000 0.000000 0.000000 0.000000 0.000000 1.000000 1.000000 1.000000
mesh_mp_ui_host_maps_13 0 mp_ui_host_maps_c3 0.000000 0.000000 0.000000 0.000000 0.000000 0.000000 1.000000 1.000000 1.000000
mesh_mp_ui_host_maps_randomp 0 mp_ui_host_maps_randomp 0.000000 0.000000 0.000000 0.000000 0.000000 0.000000 1.000000 1.000000 1.000000
mesh_mp_ui_host_maps_randoms 0 mp_ui_host_maps_randoms 0.000000 0.000000 0.000000 0.000000 0.000000 0.000000 1.000000 1.000000 1.000000
mesh_mp_ui_command_panel 0 mp_ui_command_panel 0.000000 0.000000 0.000000 0.000000 0.000000 0.000000 1.000000 1.000000 1.000000
mesh_mp_ui_command_border_l 0 mp_ui_command_border_l 0.000000 0.000000 0.000000 0.000000 0.000000 0.000000 1.000000 1.000000 1.000000
mesh_mp_ui_command_border_r 0 mp_ui_command_border_r 0.000000 0.000000 0.000000 0.000000 0.000000 0.000000 1.000000 1.000000 1.000000
mesh_mp_ui_welcome_panel 0 mp_ui_welcome_panel 0.000000 0.000000 0.000000 0.000000 0.000000 0.000000 1.000000 1.000000 1.000000
mesh_flag_project_sw 0 flag_project_sw 0.000000 0.000000 0.000000 0.000000 0.000000 0.000000 1.000000 1.000000 1.000000
mesh_flag_project_vg 0 flag_project_vg 0.000000 0.000000 0.000000 0.000000 0.000000 0.000000 1.000000 1.000000 1.000000
mesh_flag_project_kh 0 flag_project_kh 0.000000 0.000000 0.000000 0.000000 0.000000 0.000000 1.000000 1.000000 1.000000
mesh_flag_project_nd 0 flag_project_nd 0.000000 0.000000 0.000000 0.000000 0.000000 0.000000 1.000000 1.000000 1.000000
mesh_flag_project_rh 0 flag_project_rh 0.000000 0.000000 0.000000 0.000000 0.000000 0.000000 1.000000 1.000000 1.000000
mesh_flag_project_sr 0 flag_project_sr 0.000000 0.000000 0.000000 0.000000 0.000000 0.000000 1.000000 1.000000 1.000000
mesh_flag_projects_end 0 0 0.000000 0.000000 0.000000 0.000000 0.000000 0.000000 1.000000 1.000000 1.000000
mesh_flag_project_sw_miss 0 flag_project_sw_miss 0.000000 0.000000 0.000000 0.000000 0.000000 0.000000 1.000000 1.000000 1.000000
mesh_flag_project_vg_miss 0 flag_project_vg_miss 0.000000 0.000000 0.000000 0.000000 0.000000 0.000000 1.000000 1.000000 1.000000
mesh_flag_project_kh_miss 0 flag_project_kh_miss 0.000000 0.000000 0.000000 0.000000 0.000000 0.000000 1.000000 1.000000 1.000000
mesh_flag_project_nd_miss 0 flag_project_nd_miss 0.000000 0.000000 0.000000 0.000000 0.000000 0.000000 1.000000 1.000000 1.000000
mesh_flag_project_rh_miss 0 flag_project_rh_miss 0.000000 0.000000 0.000000 0.000000 0.000000 0.000000 1.000000 1.000000 1.000000
mesh_flag_project_sr_miss 0 flag_project_sr_miss 0.000000 0.000000 0.000000 0.000000 0.000000 0.000000 1.000000 1.000000 1.000000
mesh_flag_project_misses_end 0 0 0.000000 0.000000 0.000000 0.000000 0.000000 0.000000 1.000000 1.000000 1.000000
mesh_color_picker 0 color_picker 0.000000 0.000000 0.000000 0.000000 0.000000 0.000000 1.000000 1.000000 1.000000
mesh_custom_map_banner_01 0 custom_map_banner_01 0.000000 0.000000 0.000000 -90.000000 0.000000 90.000000 1.000000 1.000000 1.000000
mesh_custom_map_banner_02 0 custom_map_banner_02 0.000000 0.000000 0.000000 -90.000000 0.000000 90.000000 1.000000 1.000000 1.000000
mesh_custom_map_banner_03 0 custom_map_banner_03 0.000000 0.000000 0.000000 -90.000000 0.000000 90.000000 1.000000 1.000000 1.000000
mesh_custom_banner_01 0 custom_banner_01 0.000000 0.000000 0.000000 -90.000000 0.000000 0.000000 1.000000 1.000000 1.000000
mesh_custom_banner_02 0 custom_banner_02 0.000000 0.000000 0.000000 -90.000000 0.000000 0.000000 1.000000 1.000000 1.000000
mesh_custom_banner_bg 0 custom_banner_bg 0.000000 0.000000 0.000000 0.000000 0.000000 0.000000 10.000000 10.000000 10.000000
mesh_custom_banner_fg01 0 custom_banner_fg01 0.000000 0.000000 0.000000 0.000000 0.000000 0.000000 10.000000 10.000000 10.000000
mesh_custom_banner_fg02 0 custom_banner_fg02 0.000000 0.000000 0.000000 0.000000 0.000000 0.000000 10.000000 10.000000 10.000000
mesh_custom_banner_fg03 0 custom_banner_fg03 0.000000 0.000000 0.000000 0.000000 0.000000 0.000000 10.000000 10.000000 10.000000
mesh_custom_banner_fg04 0 custom_banner_fg04 0.000000 0.000000 0.000000 0.000000 0.000000 0.000000 10.000000 10.000000 10.000000
mesh_custom_banner_fg05 0 custom_banner_fg05 0.000000 0.000000 0.000000 0.000000 0.000000 0.000000 10.000000 10.000000 10.000000
mesh_custom_banner_fg06 0 custom_banner_fg06 0.000000 0.000000 0.000000 0.000000 0.000000 0.000000 10.000000 10.000000 10.000000
mesh_custom_banner_fg07 0 custom_banner_fg07 0.000000 0.000000 0.000000 0.000000 0.000000 0.000000 10.000000 10.000000 10.000000
mesh_custom_banner_fg08 0 custom_banner_fg08 0.000000 0.000000 0.000000 0.000000 0.000000 0.000000 10.000000 10.000000 10.000000
mesh_custom_banner_fg09 0 custom_banner_fg09 0.000000 0.000000 0.000000 0.000000 0.000000 0.000000 10.000000 10.000000 10.000000
mesh_custom_banner_fg10 0 custom_banner_fg10 0.000000 0.000000 0.000000 0.000000 0.000000 0.000000 10.000000 10.000000 10.000000
mesh_custom_banner_fg11 0 custom_banner_fg11 0.000000 0.000000 0.000000 0.000000 0.000000 0.000000 10.000000 10.000000 10.000000
mesh_custom_banner_fg12 0 custom_banner_fg12 0.000000 0.000000 0.000000 0.000000 0.000000 0.000000 10.000000 10.000000 10.000000
mesh_custom_banner_fg13 0 custom_banner_fg13 0.000000 0.000000 0.000000 0.000000 0.000000 0.000000 10.000000 10.000000 10.000000
mesh_custom_banner_fg14 0 custom_banner_fg14 0.000000 0.000000 0.000000 0.000000 0.000000 0.000000 10.000000 10.000000 10.000000
mesh_custom_banner_fg15 0 custom_banner_fg15 0.000000 0.000000 0.000000 0.000000 0.000000 0.000000 10.000000 10.000000 10.000000
mesh_custom_banner_fg16 0 custom_banner_fg16 0.000000 0.000000 0.000000 0.000000 0.000000 0.000000 10.000000 10.000000 10.000000
mesh_custom_banner_fg17 0 custom_banner_fg17 0.000000 0.000000 0.000000 0.000000 0.000000 0.000000 10.000000 10.000000 10.000000
mesh_custom_banner_fg18 0 custom_banner_fg18 0.000000 0.000000 0.000000 0.000000 0.000000 0.000000 10.000000 10.000000 10.000000
mesh_custom_banner_fg19 0 custom_banner_fg19 0.000000 0.000000 0.000000 0.000000 0.000000 0.000000 10.000000 10.000000 10.000000
mesh_custom_banner_fg20 0 custom_banner_fg20 0.000000 0.000000 0.000000 0.000000 0.000000 0.000000 10.000000 10.000000 10.000000
mesh_custom_banner_fg21 0 custom_banner_fg21 0.000000 0.000000 0.000000 0.000000 0.000000 0.000000 10.000000 10.000000 10.000000
mesh_custom_banner_fg22 0 custom_banner_fg22 0.000000 0.000000 0.000000 0.000000 0.000000 0.000000 10.000000 10.000000 10.000000
mesh_custom_banner_fg23 0 custom_banner_fg23 0.000000 0.000000 0.000000 0.000000 0.000000 0.000000 10.000000 10.000000 10.000000
mesh_custom_banner_charge_01 0 custom_banner_charge_01 0.000000 0.000000 0.000000 0.000000 0.000000 0.000000 10.000000 10.000000 10.000000
mesh_custom_banner_charge_02 0 custom_banner_charge_02 0.000000 0.000000 0.000000 0.000000 0.000000 0.000000 10.000000 10.000000 10.000000
mesh_custom_banner_charge_03 0 custom_banner_charge_03 0.000000 0.000000 0.000000 0.000000 0.000000 0.000000 10.000000 10.000000 10.000000
mesh_custom_banner_charge_04 0 custom_banner_charge_04 0.000000 0.000000 0.000000 0.000000 0.000000 0.000000 10.000000 10.000000 10.000000
mesh_custom_banner_charge_05 0 custom_banner_charge_05 0.000000 0.000000 0.000000 0.000000 0.000000 0.000000 10.000000 10.000000 10.000000
mesh_custom_banner_charge_06 0 custom_banner_charge_06 0.000000 0.000000 0.000000 0.000000 0.000000 0.000000 10.000000 10.000000 10.000000
mesh_custom_banner_charge_07 0 custom_banner_charge_07 0.000000 0.000000 0.000000 0.000000 0.000000 0.000000 10.000000 10.000000 10.000000
mesh_custom_banner_charge_08 0 custom_banner_charge_08 0.000000 0.000000 0.000000 0.000000 0.000000 0.000000 10.000000 10.000000 10.000000
mesh_custom_banner_charge_09 0 custom_banner_charge_09 0.000000 0.000000 0.000000 0.000000 0.000000 0.000000 10.000000 10.000000 10.000000
mesh_custom_banner_charge_10 0 custom_banner_charge_10 0.000000 0.000000 0.000000 0.000000 0.000000 0.000000 10.000000 10.000000 10.000000
mesh_custom_banner_charge_11 0 custom_banner_charge_11 0.000000 0.000000 0.000000 0.000000 0.000000 0.000000 10.000000 10.000000 10.000000
mesh_custom_banner_charge_12 0 custom_banner_charge_12 0.000000 0.000000 0.000000 0.000000 0.000000 0.000000 10.000000 10.000000 10.000000
mesh_custom_banner_charge_13 0 custom_banner_charge_13 0.000000 0.000000 0.000000 0.000000 0.000000 0.000000 10.000000 10.000000 10.000000
mesh_custom_banner_charge_14 0 custom_banner_charge_14 0.000000 0.000000 0.000000 0.000000 0.000000 0.000000 10.000000 10.000000 10.000000
mesh_custom_banner_charge_15 0 custom_banner_charge_15 0.000000 0.000000 0.000000 0.000000 0.000000 0.000000 10.000000 10.000000 10.000000
mesh_custom_banner_charge_16 0 custom_banner_charge_16 0.000000 0.000000 0.000000 0.000000 0.000000 0.000000 10.000000 10.000000 10.000000
mesh_custom_banner_charge_17 0 custom_banner_charge_17 0.000000 0.000000 0.000000 0.000000 0.000000 0.000000 10.000000 10.000000 10.000000
mesh_custom_banner_charge_18 0 custom_banner_charge_18 0.000000 0.000000 0.000000 0.000000 0.000000 0.000000 10.000000 10.000000 10.000000
mesh_custom_banner_charge_19 0 custom_banner_charge_19 0.000000 0.000000 0.000000 0.000000 0.000000 0.000000 10.000000 10.000000 10.000000
mesh_custom_banner_charge_20 0 custom_banner_charge_20 0.000000 0.000000 0.000000 0.000000 0.000000 0.000000 10.000000 10.000000 10.000000
mesh_custom_banner_charge_21 0 custom_banner_charge_21 0.000000 0.000000 0.000000 0.000000 0.000000 0.000000 10.000000 10.000000 10.000000
mesh_custom_banner_charge_22 0 custom_banner_charge_22 0.000000 0.000000 0.000000 0.000000 0.000000 0.000000 10.000000 10.000000 10.000000
mesh_custom_banner_charge_23 0 custom_banner_charge_23 0.000000 0.000000 0.000000 0.000000 0.000000 0.000000 10.000000 10.000000 10.000000
mesh_custom_banner_charge_24 0 custom_banner_charge_24 0.000000 0.000000 0.000000 0.000000 0.000000 0.000000 10.000000 10.000000 10.000000
mesh_custom_banner_charge_25 0 custom_banner_charge_25 0.000000 0.000000 0.000000 0.000000 0.000000 0.000000 10.000000 10.000000 10.000000
mesh_custom_banner_charge_26 0 custom_banner_charge_26 0.000000 0.000000 0.000000 0.000000 0.000000 0.000000 10.000000 10.000000 10.000000
mesh_custom_banner_charge_27 0 custom_banner_charge_27 0.000000 0.000000 0.000000 0.000000 0.000000 0.000000 10.000000 10.000000 10.000000
mesh_custom_banner_charge_28 0 custom_banner_charge_28 0.000000 0.000000 0.000000 0.000000 0.000000 0.000000 10.000000 10.000000 10.000000
mesh_custom_banner_charge_29 0 custom_banner_charge_29 0.000000 0.000000 0.000000 0.000000 0.000000 0.000000 10.000000 10.000000 10.000000
mesh_custom_banner_charge_30 0 custom_banner_charge_30 0.000000 0.000000 0.000000 0.000000 0.000000 0.000000 10.000000 10.000000 10.000000
mesh_custom_banner_charge_31 0 custom_banner_charge_31 0.000000 0.000000 0.000000 0.000000 0.000000 0.000000 10.000000 10.000000 10.000000
mesh_custom_banner_charge_32 0 custom_banner_charge_32 0.000000 0.000000 0.000000 0.000000 0.000000 0.000000 10.000000 10.000000 10.000000
mesh_custom_banner_charge_33 0 custom_banner_charge_33 0.000000 0.000000 0.000000 0.000000 0.000000 0.000000 10.000000 10.000000 10.000000
mesh_custom_banner_charge_34 0 custom_banner_charge_34 0.000000 0.000000 0.000000 0.000000 0.000000 0.000000 10.000000 10.000000 10.000000
mesh_custom_banner_charge_35 0 custom_banner_charge_35 0.000000 0.000000 0.000000 0.000000 0.000000 0.000000 10.000000 10.000000 10.000000
mesh_custom_banner_charge_36 0 custom_banner_charge_36 0.000000 0.000000 0.000000 0.000000 0.000000 0.000000 10.000000 10.000000 10.000000
mesh_custom_banner_charge_37 0 custom_banner_charge_37 0.000000 0.000000 0.000000 0.000000 0.000000 0.000000 10.000000 10.000000 10.000000
mesh_custom_banner_charge_38 0 custom_banner_charge_38 0.000000 0.000000 0.000000 0.000000 0.000000 0.000000 10.000000 10.000000 10.000000
mesh_custom_banner_charge_39 0 custom_banner_charge_39 0.000000 0.000000 0.000000 0.000000 0.000000 0.000000 10.000000 10.000000 10.000000
mesh_custom_banner_charge_40 0 custom_banner_charge_40 0.000000 0.000000 0.000000 0.000000 0.000000 0.000000 10.000000 10.000000 10.000000
mesh_custom_banner_charge_41 0 custom_banner_charge_41 0.000000 0.000000 0.000000 0.000000 0.000000 0.000000 10.000000 10.000000 10.000000
mesh_custom_banner_charge_42 0 custom_banner_charge_42 0.000000 0.000000 0.000000 0.000000 0.000000 0.000000 10.000000 10.000000 10.000000
mesh_custom_banner_charge_43 0 custom_banner_charge_43 0.000000 0.000000 0.000000 0.000000 0.000000 0.000000 10.000000 10.000000 10.000000
mesh_custom_banner_charge_44 0 custom_banner_charge_44 0.000000 0.000000 0.000000 0.000000 0.000000 0.000000 10.000000 10.000000 10.000000
mesh_custom_banner_charge_45 0 custom_banner_charge_45 0.000000 0.000000 0.000000 0.000000 0.000000 0.000000 10.000000 10.000000 10.000000
mesh_custom_banner_charge_46 0 custom_banner_charge_46 0.000000 0.000000 0.000000 0.000000 0.000000 0.000000 10.000000 10.000000 10.000000
mesh_tableau_mesh_custom_banner 0 tableau_mesh_custom_banner 0.000000 0.000000 0.000000 0.000000 0.000000 0.000000 10.000000 10.000000 10.000000
mesh_tableau_mesh_custom_banner_square 0 tableau_mesh_custom_banner_square 0.000000 0.000000 0.000000 0.000000 0.000000 0.000000 10.000000 10.000000 10.000000
mesh_tableau_mesh_custom_banner_tall 0 tableau_mesh_custom_banner_tall 0.000000 0.000000 0.000000 0.000000 0.000000 0.000000 10.000000 10.000000 10.000000
mesh_tableau_mesh_custom_banner_short 0 tableau_mesh_custom_banner_short 0.000000 0.000000 0.000000 0.000000 0.000000 0.000000 10.000000 10.000000 10.000000
mesh_tableau_mesh_shield_round_1 0 tableau_mesh_shield_round_1 0.000000 0.000000 0.000000 0.000000 0.000000 0.000000 10.000000 10.000000 10.000000
mesh_tableau_mesh_shield_round_2 0 tableau_mesh_shield_round_2 0.000000 0.000000 0.000000 0.000000 0.000000 0.000000 10.000000 10.000000 10.000000
mesh_tableau_mesh_shield_round_3 0 tableau_mesh_shield_round_3 0.000000 0.000000 0.000000 0.000000 0.000000 0.000000 10.000000 10.000000 10.000000
mesh_tableau_mesh_shield_round_4 0 tableau_mesh_shield_round_4 0.000000 0.000000 0.000000 0.000000 0.000000 0.000000 10.000000 10.000000 10.000000
mesh_tableau_mesh_shield_round_5 0 tableau_mesh_shield_round_5 0.000000 0.000000 0.000000 0.000000 0.000000 0.000000 10.000000 10.000000 10.000000
mesh_tableau_mesh_shield_small_round_1 0 tableau_mesh_shield_small_round_1 0.000000 0.000000 0.000000 0.000000 0.000000 0.000000 10.000000 10.000000 10.000000
mesh_tableau_mesh_shield_small_round_2 0 tableau_mesh_shield_small_round_2 0.000000 0.000000 0.000000 0.000000 0.000000 0.000000 10.000000 10.000000 10.000000
mesh_tableau_mesh_shield_small_round_3 0 tableau_mesh_shield_small_round_3 0.000000 0.000000 0.000000 0.000000 0.000000 0.000000 10.000000 10.000000 10.000000
mesh_tableau_mesh_shield_kite_1 0 tableau_mesh_shield_kite_1 0.000000 0.000000 0.000000 0.000000 0.000000 0.000000 10.000000 10.000000 10.000000
mesh_tableau_mesh_shield_kite_2 0 tableau_mesh_shield_kite_2 0.000000 0.000000 0.000000 0.000000 0.000000 0.000000 10.000000 10.000000 10.000000
mesh_tableau_mesh_shield_kite_3 0 tableau_mesh_shield_kite_3 0.000000 0.000000 0.000000 0.000000 0.000000 0.000000 10.000000 10.000000 10.000000
mesh_tableau_mesh_shield_kite_4 0 tableau_mesh_shield_kite_4 0.000000 0.000000 0.000000 0.000000 0.000000 0.000000 10.000000 10.000000 10.000000
mesh_tableau_mesh_shield_heater_1 0 tableau_mesh_shield_heater_1 0.000000 0.000000 0.000000 0.000000 0.000000 0.000000 10.000000 10.000000 10.000000
mesh_tableau_mesh_shield_heater_2 0 tableau_mesh_shield_heater_2 0.000000 0.000000 0.000000 0.000000 0.000000 0.000000 10.000000 10.000000 10.000000
mesh_tableau_mesh_shield_pavise_1 0 tableau_mesh_shield_pavise_1 0.000000 0.000000 0.000000 0.000000 0.000000 0.000000 10.000000 10.000000 10.000000
mesh_tableau_mesh_shield_pavise_2 0 tableau_mesh_shield_pavise_2 0.000000 0.000000 0.000000 0.000000 0.000000 0.000000 10.000000 10.000000 10.000000
mesh_tableau_mesh_shield_pavise_3 0 tableau_mesh_shield_pavise_3 0.000000 0.000000 0.000000 0.000000 0.000000 0.000000 10.000000 10.000000 10.000000
mesh_heraldic_armor_bg 0 heraldic_armor_bg 0.000000 0.000000 0.000000 0.000000 0.000000 0.000000 10.000000 10.000000 10.000000
mesh_tableau_mesh_heraldic_armor_a 0 tableau_mesh_heraldic_armor_a 0.000000 0.000000 0.000000 0.000000 0.000000 0.000000 1.000000 1.000000 1.000000
mesh_tableau_mesh_heraldic_armor_b 0 tableau_mesh_heraldic_armor_b 0.000000 0.000000 0.000000 0.000000 0.000000 0.000000 1.000000 1.000000 1.000000
mesh_tableau_mesh_heraldic_armor_c 0 tableau_mesh_heraldic_armor_c 0.000000 0.000000 0.000000 0.000000 0.000000 0.000000 1.000000 1.000000 1.000000
mesh_tableau_mesh_heraldic_armor_d 0 tableau_mesh_heraldic_armor_d 0.000000 0.000000 0.000000 0.000000 0.000000 0.000000 1.000000 1.000000 1.000000
mesh_tableau_mesh_heraldic_churburg_13_tabard_banner 0 tableau_mesh_heraldic_churburg_13_tabard_banner 0.000000 0.000000 0.000000 0.000000 0.000000 0.000000 1.000000 1.000000 1.000000
mesh_tableau_mesh_heraldic_churburg_13_tabard 0 tableau_mesh_heraldic_churburg_13_tabard 0.000000 0.000000 0.000000 0.000000 0.000000 0.000000 1.000000 1.000000 1.000000
mesh_tableau_mesh_heraldic_churburg_13_brass_tabard_banner 0 tableau_mesh_heraldic_churburg_13_brass_tabard_banner 0.000000 0.000000 0.000000 0.000000 0.000000 0.000000 1.000000 1.000000 1.000000
mesh_tableau_mesh_heraldic_churburg_13_brass_tabard 0 tableau_mesh_heraldic_churburg_13_brass_tabard 0.000000 0.000000 0.000000 0.000000 0.000000 0.000000 1.000000 1.000000 1.000000
mesh_tableau_mesh_early_transitional_heraldic_banner 0 tableau_mesh_early_transitional_heraldic_banner 0.000000 0.000000 0.000000 0.000000 0.000000 0.000000 1.000000 1.000000 1.000000
mesh_tableau_mesh_early_transitional_heraldic 0 tableau_mesh_early_transitional_heraldic 0.000000 0.000000 0.000000 0.000000 0.000000 0.000000 1.000000 1.000000 1.000000
mesh_tableau_mesh_mail_long_surcoat_new_heraldic 0 tableau_mesh_mail_long_surcoat_new_heraldic 0.000000 0.000000 0.000000 0.000000 0.000000 0.000000 1.000000 1.000000 1.000000
mesh_tableau_mesh_brigandine_b_heraldic 0 tableau_mesh_brigandine_b_heraldic 0.000000 0.000000 0.000000 0.000000 0.000000 0.000000 1.000000 1.000000 1.000000
mesh_tableau_mesh_heraldic_tunic_new 0 tableau_mesh_heraldic_tunic_new 0.000000 0.000000 0.000000 0.000000 0.000000 0.000000 1.000000 1.000000 1.000000
mesh_tableau_mesh_tabard_b_heraldic 0 tableau_mesh_tabard_b_heraldic 0.000000 0.000000 0.000000 0.000000 0.000000 0.000000 1.000000 1.000000 1.000000
mesh_tableau_mesh_heraldic_plate 0 tableau_mesh_heraldic_plate 0.000000 0.000000 0.000000 0.000000 0.000000 0.000000 1.000000 1.000000 1.000000
mesh_banner_alencon 0 banner_alencon 0.000000 0.000000 0.000000 -90.000000 0.000000 0.000000 1.000000 1.000000 1.000000
mesh_banner_la_hire 0 banner_la_hire 0.000000 0.000000 0.000000 -90.000000 0.000000 0.000000 1.000000 1.000000 1.000000
mesh_banner_de_rais 0 banner_de_rais 0.000000 0.000000 0.000000 -90.000000 0.000000 0.000000 1.000000 1.000000 1.000000
mesh_banner_albret 0 banner_albret 0.000000 0.000000 0.000000 -90.000000 0.000000 0.000000 1.000000 1.000000 1.000000
mesh_banner_jeanne 0 banner_jeanne 0.000000 0.000000 0.000000 -90.000000 0.000000 0.000000 1.000000 1.000000 1.000000
mesh_banner_xantrailles 0 banner_xantrailles 0.000000 0.000000 0.000000 -90.000000 0.000000 0.000000 1.000000 1.000000 1.000000
mesh_banner_ambroise 0 banner_ambroise 0.000000 0.000000 0.000000 -90.000000 0.000000 0.000000 1.000000 1.000000 1.000000
mesh_banner_dunois 0 banner_dunois 0.000000 0.000000 0.000000 -90.000000 0.000000 0.000000 1.000000 1.000000 1.000000
mesh_banner_culant 0 banner_culant 0.000000 0.000000 0.000000 -90.000000 0.000000 0.000000 1.000000 1.000000 1.000000
mesh_banner_gaucourt 0 banner_gaucourt 0.000000 0.000000 0.000000 -90.000000 0.000000 0.000000 1.000000 1.000000 1.000000
mesh_banner_brosse 0 banner_brosse 0.000000 0.000000 0.000000 -90.000000 0.000000 0.000000 1.000000 1.000000 1.000000
mesh_banner_bourbon 0 banner_bourbon 0.000000 0.000000 0.000000 -90.000000 0.000000 0.000000 1.000000 1.000000 1.000000
mesh_banner_beauvau 0 banner_beauvau 0.000000 0.000000 0.000000 -90.000000 0.000000 0.000000 1.000000 1.000000 1.000000
mesh_banner_de_bueil 0 banner_de_bueil 0.000000 0.000000 0.000000 -90.000000 0.000000 0.000000 1.000000 1.000000 1.000000
mesh_banner_harcourt 0 banner_harcourt 0.000000 0.000000 0.000000 -90.000000 0.000000 0.000000 1.000000 1.000000 1.000000
mesh_banner_poitiers 0 banner_poitiers 0.000000 0.000000 0.000000 -90.000000 0.000000 0.000000 1.000000 1.000000 1.000000
mesh_banner_gamaches 0 banner_gamaches 0.000000 0.000000 0.000000 -90.000000 0.000000 0.000000 1.000000 1.000000 1.000000
mesh_banner_giresme 0 banner_giresme 0.000000 0.000000 0.000000 -90.000000 0.000000 0.000000 1.000000 1.000000 1.000000
mesh_banner_bourbon_vendome 0 banner_bourbon_vendome 0.000000 0.000000 0.000000 -90.000000 0.000000 0.000000 1.000000 1.000000 1.000000
mesh_banner_malet 0 banner_malet 0.000000 0.000000 0.000000 -90.000000 0.000000 0.000000 1.000000 1.000000 1.000000
mesh_banner_anjou 0 banner_anjou 0.000000 0.000000 0.000000 -90.000000 0.000000 0.000000 1.000000 1.000000 1.000000
mesh_banner_chauvigny 0 banner_chauvigny 0.000000 0.000000 0.000000 -90.000000 0.000000 0.000000 1.000000 1.000000 1.000000
mesh_banner_montmerency_laval 0 banner_montmerency_laval 0.000000 0.000000 0.000000 -90.000000 0.000000 0.000000 1.000000 1.000000 1.000000
mesh_banner_tour_auvergne 0 banner_tour_auvergne 0.000000 0.000000 0.000000 -90.000000 0.000000 0.000000 1.000000 1.000000 1.000000
mesh_banner_lore 0 banner_lore 0.000000 0.000000 0.000000 -90.000000 0.000000 0.000000 1.000000 1.000000 1.000000
mesh_banner_foucault 0 banner_foucault 0.000000 0.000000 0.000000 -90.000000 0.000000 0.000000 1.000000 1.000000 1.000000
mesh_banner_valpergue 0 banner_valpergue 0.000000 0.000000 0.000000 -90.000000 0.000000 0.000000 1.000000 1.000000 1.000000
mesh_banner_baudricourt 0 banner_baudricourt 0.000000 0.000000 0.000000 -90.000000 0.000000 0.000000 1.000000 1.000000 1.000000
mesh_banner_poulengy 0 banner_poulengy 0.000000 0.000000 0.000000 -90.000000 0.000000 0.000000 1.000000 1.000000 1.000000
mesh_banner_bellier 0 banner_bellier 0.000000 0.000000 0.000000 -90.000000 0.000000 0.000000 1.000000 1.000000 1.000000
mesh_banner_bessonneau 0 banner_bessonneau 0.000000 0.000000 0.000000 -90.000000 0.000000 0.000000 1.000000 1.000000 1.000000
mesh_banner_chaumont_quitry 0 banner_chaumont_quitry 0.000000 0.000000 0.000000 -90.000000 0.000000 0.000000 1.000000 1.000000 1.000000
mesh_banner_motier_lafayette 0 banner_motier_lafayette 0.000000 0.000000 0.000000 -90.000000 0.000000 0.000000 1.000000 1.000000 1.000000
mesh_banner_armagnac 0 banner_armagnac 0.000000 0.000000 0.000000 -90.000000 0.000000 0.000000 1.000000 1.000000 1.000000
mesh_banner_termes_armagnac 0 banner_termes_armagnac 0.000000 0.000000 0.000000 -90.000000 0.000000 0.000000 1.000000 1.000000 1.000000
mesh_banner_chabannes 0 banner_chabannes 0.000000 0.000000 0.000000 -90.000000 0.000000 0.000000 1.000000 1.000000 1.000000
mesh_banner_france_lys 0 banner_france_lys 0.000000 0.000000 0.000000 -90.000000 0.000000 0.000000 1.000000 1.000000 1.000000
mesh_banner_charles 0 banner_charles 0.000000 0.000000 0.000000 -90.000000 0.000000 0.000000 1.000000 1.000000 1.000000
mesh_banner_france_lys_2 0 banner_france_lys_2 0.000000 0.000000 0.000000 -90.000000 0.000000 0.000000 1.000000 1.000000 1.000000
mesh_banner_comminges 0 banner_comminges 0.000000 0.000000 0.000000 -90.000000 0.000000 0.000000 1.000000 1.000000 1.000000
mesh_banner_beauchamp 0 banner_beauchamp 0.000000 0.000000 0.000000 -90.000000 0.000000 0.000000 1.000000 1.000000 1.000000
mesh_banner_gough 0 banner_gough 0.000000 0.000000 0.000000 -90.000000 0.000000 0.000000 1.000000 1.000000 1.000000
mesh_banner_hungerford 0 banner_hungerford 0.000000 0.000000 0.000000 -90.000000 0.000000 0.000000 1.000000 1.000000 1.000000
mesh_banner_talbot 0 banner_talbot 0.000000 0.000000 0.000000 -90.000000 0.000000 0.000000 1.000000 1.000000 1.000000
mesh_banner_falstof 0 banner_falstof 0.000000 0.000000 0.000000 -90.000000 0.000000 0.000000 1.000000 1.000000 1.000000
mesh_banner_de_la_pole 0 banner_de_la_pole 0.000000 0.000000 0.000000 -90.000000 0.000000 0.000000 1.000000 1.000000 1.000000
mesh_banner_scales 0 banner_scales 0.000000 0.000000 0.000000 -90.000000 0.000000 0.000000 1.000000 1.000000 1.000000
mesh_banner_tiptoft 0 banner_tiptoft 0.000000 0.000000 0.000000 -90.000000 0.000000 0.000000 1.000000 1.000000 1.000000
mesh_banner_lancaster 0 banner_lancaster 0.000000 0.000000 0.000000 -90.000000 0.000000 0.000000 1.000000 1.000000 1.000000
mesh_banner_beaufort 0 banner_beaufort 0.000000 0.000000 0.000000 -90.000000 0.000000 0.000000 1.000000 1.000000 1.000000
mesh_banner_york 0 banner_york 0.000000 0.000000 0.000000 -90.000000 0.000000 0.000000 1.000000 1.000000 1.000000
mesh_banner_mowbray 0 banner_mowbray 0.000000 0.000000 0.000000 -90.000000 0.000000 0.000000 1.000000 1.000000 1.000000
mesh_banner_strange 0 banner_strange 0.000000 0.000000 0.000000 -90.000000 0.000000 0.000000 1.000000 1.000000 1.000000
mesh_banner_grey 0 banner_grey 0.000000 0.000000 0.000000 -90.000000 0.000000 0.000000 1.000000 1.000000 1.000000
mesh_banner_stanley 0 banner_stanley 0.000000 0.000000 0.000000 -90.000000 0.000000 0.000000 1.000000 1.000000 1.000000
mesh_banner_montferrand 0 banner_montferrand 0.000000 0.000000 0.000000 -90.000000 0.000000 0.000000 1.000000 1.000000 1.000000
mesh_banner_berkeley 0 banner_berkeley 0.000000 0.000000 0.000000 -90.000000 0.000000 0.000000 1.000000 1.000000 1.000000
mesh_banner_montacute 0 banner_montacute 0.000000 0.000000 0.000000 -90.000000 0.000000 0.000000 1.000000 1.000000 1.000000
mesh_banner_holland 0 banner_holland 0.000000 0.000000 0.000000 -90.000000 0.000000 0.000000 1.000000 1.000000 1.000000
mesh_banner_tuchet 0 banner_tuchet 0.000000 0.000000 0.000000 -90.000000 0.000000 0.000000 1.000000 1.000000 1.000000
mesh_banner_glasdale 0 banner_glasdale 0.000000 0.000000 0.000000 -90.000000 0.000000 0.000000 1.000000 1.000000 1.000000
mesh_banner_kyriell 0 banner_kyriell 0.000000 0.000000 0.000000 -90.000000 0.000000 0.000000 1.000000 1.000000 1.000000
mesh_banner_fiennes 0 banner_fiennes 0.000000 0.000000 0.000000 -90.000000 0.000000 0.000000 1.000000 1.000000 1.000000
mesh_banner_neville 0 banner_neville 0.000000 0.000000 0.000000 -90.000000 0.000000 0.000000 1.000000 1.000000 1.000000
mesh_banner_bonville 0 banner_bonville 0.000000 0.000000 0.000000 -90.000000 0.000000 0.000000 1.000000 1.000000 1.000000
mesh_banner_fitzhugh 0 banner_fitzhugh 0.000000 0.000000 0.000000 -90.000000 0.000000 0.000000 1.000000 1.000000 1.000000
mesh_banner_woodville 0 banner_woodville 0.000000 0.000000 0.000000 -90.000000 0.000000 0.000000 1.000000 1.000000 1.000000
mesh_banner_dacre 0 banner_dacre 0.000000 0.000000 0.000000 -90.000000 0.000000 0.000000 1.000000 1.000000 1.000000
mesh_banner_de_vere 0 banner_de_vere 0.000000 0.000000 0.000000 -90.000000 0.000000 0.000000 1.000000 1.000000 1.000000
mesh_banner_radcliff 0 banner_radcliff 0.000000 0.000000 0.000000 -90.000000 0.000000 0.000000 1.000000 1.000000 1.000000
mesh_banner_percy 0 banner_percy 0.000000 0.000000 0.000000 -90.000000 0.000000 0.000000 1.000000 1.000000 1.000000
mesh_banner_sutton 0 banner_sutton 0.000000 0.000000 0.000000 -90.000000 0.000000 0.000000 1.000000 1.000000 1.000000
mesh_banner_fitzalan 0 banner_fitzalan 0.000000 0.000000 0.000000 -90.000000 0.000000 0.000000 1.000000 1.000000 1.000000
mesh_banner_bourchier 0 banner_bourchier 0.000000 0.000000 0.000000 -90.000000 0.000000 0.000000 1.000000 1.000000 1.000000
mesh_banner_seymour 0 banner_seymour 0.000000 0.000000 0.000000 -90.000000 0.000000 0.000000 1.000000 1.000000 1.000000
mesh_banner_trussel 0 banner_trussel 0.000000 0.000000 0.000000 -90.000000 0.000000 0.000000 1.000000 1.000000 1.000000
mesh_banner_ap_thomas 0 banner_ap_thomas 0.000000 0.000000 0.000000 -90.000000 0.000000 0.000000 1.000000 1.000000 1.000000
mesh_banner_trending 0 banner_trending 0.000000 0.000000 0.000000 -90.000000 0.000000 0.000000 1.000000 1.000000 1.000000
mesh_banner_fitzwalter 0 banner_fitzwalter 0.000000 0.000000 0.000000 -90.000000 0.000000 0.000000 1.000000 1.000000 1.000000
mesh_banner_tudor 0 banner_tudor 0.000000 0.000000 0.000000 -90.000000 0.000000 0.000000 1.000000 1.000000 1.000000
mesh_banner_courtenay 0 banner_courtenay 0.000000 0.000000 0.000000 -90.000000 0.000000 0.000000 1.000000 1.000000 1.000000
mesh_banner_willoughby 0 banner_willoughby 0.000000 0.000000 0.000000 -90.000000 0.000000 0.000000 1.000000 1.000000 1.000000
mesh_banner_oldhall 0 banner_oldhall 0.000000 0.000000 0.000000 -90.000000 0.000000 0.000000 1.000000 1.000000 1.000000
mesh_banner_blount 0 banner_blount 0.000000 0.000000 0.000000 -90.000000 0.000000 0.000000 1.000000 1.000000 1.000000
mesh_banner_clifford 0 banner_clifford 0.000000 0.000000 0.000000 -90.000000 0.000000 0.000000 1.000000 1.000000 1.000000
mesh_banner_rempston 0 banner_rempston 0.000000 0.000000 0.000000 -90.000000 0.000000 0.000000 1.000000 1.000000 1.000000
mesh_banner_england 0 banner_england 0.000000 0.000000 0.000000 -90.000000 0.000000 0.000000 1.000000 1.000000 1.000000
mesh_banner_toulongeon 0 banner_toulongeon 0.000000 0.000000 0.000000 -90.000000 0.000000 0.000000 1.000000 1.000000 1.000000
mesh_banner_tremoille 0 banner_tremoille 0.000000 0.000000 0.000000 -90.000000 0.000000 0.000000 1.000000 1.000000 1.000000
mesh_banner_luxembourg 0 banner_luxembourg 0.000000 0.000000 0.000000 -90.000000 0.000000 0.000000 1.000000 1.000000 1.000000
mesh_banner_noyelles 0 banner_noyelles 0.000000 0.000000 0.000000 -90.000000 0.000000 0.000000 1.000000 1.000000 1.000000
mesh_banner_baufremont 0 banner_baufremont 0.000000 0.000000 0.000000 -90.000000 0.000000 0.000000 1.000000 1.000000 1.000000
mesh_banner_pot 0 banner_pot 0.000000 0.000000 0.000000 -90.000000 0.000000 0.000000 1.000000 1.000000 1.000000
mesh_banner_de_villier 0 banner_de_villier 0.000000 0.000000 0.000000 -90.000000 0.000000 0.000000 1.000000 1.000000 1.000000
mesh_banner_brimeu 0 banner_brimeu 0.000000 0.000000 0.000000 -90.000000 0.000000 0.000000 1.000000 1.000000 1.000000
mesh_banner_vergy 0 banner_vergy 0.000000 0.000000 0.000000 -90.000000 0.000000 0.000000 1.000000 1.000000 1.000000
mesh_banner_de_vienne 0 banner_de_vienne 0.000000 0.000000 0.000000 -90.000000 0.000000 0.000000 1.000000 1.000000 1.000000
mesh_banner_philippe_le_bon 0 banner_philippe_le_bon 0.000000 0.000000 0.000000 -90.000000 0.000000 0.000000 1.000000 1.000000 1.000000
mesh_banner_burgundy 0 banner_burgundy 0.000000 0.000000 0.000000 -90.000000 0.000000 0.000000 1.000000 1.000000 1.000000
mesh_banner_richemont 0 banner_richemont 0.000000 0.000000 0.000000 -90.000000 0.000000 0.000000 1.000000 1.000000 1.000000
mesh_banner_penhoet 0 banner_penhoet 0.000000 0.000000 0.000000 -90.000000 0.000000 0.000000 1.000000 1.000000 1.000000
mesh_banner_chastel 0 banner_chastel 0.000000 0.000000 0.000000 -90.000000 0.000000 0.000000 1.000000 1.000000 1.000000
mesh_banner_coetivy 0 banner_coetivy 0.000000 0.000000 0.000000 -90.000000 0.000000 0.000000 1.000000 1.000000 1.000000
mesh_banner_kermoysan 0 banner_kermoysan 0.000000 0.000000 0.000000 -90.000000 0.000000 0.000000 1.000000 1.000000 1.000000
mesh_banner_penmarch 0 banner_penmarch 0.000000 0.000000 0.000000 -90.000000 0.000000 0.000000 1.000000 1.000000 1.000000
mesh_banner_rohan 0 banner_rohan 0.000000 0.000000 0.000000 -90.000000 0.000000 0.000000 1.000000 1.000000 1.000000
mesh_banner_rosmadec 0 banner_rosmadec 0.000000 0.000000 0.000000 -90.000000 0.000000 0.000000 1.000000 1.000000 1.000000
mesh_banner_rieux 0 banner_rieux 0.000000 0.000000 0.000000 -90.000000 0.000000 0.000000 1.000000 1.000000 1.000000
mesh_banner_dinan 0 banner_dinan 0.000000 0.000000 0.000000 -90.000000 0.000000 0.000000 1.000000 1.000000 1.000000
mesh_banner_chateaubriant 0 banner_chateaubriant 0.000000 0.000000 0.000000 -90.000000 0.000000 0.000000 1.000000 1.000000 1.000000
mesh_banner_chateaubriant_2 0 banner_chateaubriant_2 0.000000 0.000000 0.000000 -90.000000 0.000000 0.000000 1.000000 1.000000 1.000000
mesh_banner_blois 0 banner_blois 0.000000 0.000000 0.000000 -90.000000 0.000000 0.000000 1.000000 1.000000 1.000000
mesh_banner_coetmen 0 banner_coetmen 0.000000 0.000000 0.000000 -90.000000 0.000000 0.000000 1.000000 1.000000 1.000000
mesh_banner_bretagne 0 banner_bretagne 0.000000 0.000000 0.000000 -90.000000 0.000000 0.000000 1.000000 1.000000 1.000000
mesh_banner_kingdom_a 0 banner_kingdom_a 0.000000 0.000000 0.000000 -90.000000 0.000000 0.000000 1.000000 1.000000 1.000000
mesh_banner_kingdom_b 0 banner_kingdom_b 0.000000 0.000000 0.000000 -90.000000 0.000000 0.000000 1.000000 1.000000 1.000000
mesh_banner_kingdom_c 0 banner_kingdom_c 0.000000 0.000000 0.000000 -90.000000 0.000000 0.000000 1.000000 1.000000 1.000000
mesh_banner_kingdom_d 0 banner_kingdom_d 0.000000 0.000000 0.000000 -90.000000 0.000000 0.000000 1.000000 1.000000 1.000000
mesh_banner_kingdom_e 0 banner_kingdom_e 0.000000 0.000000 0.000000 -90.000000 0.000000 0.000000 1.000000 1.000000 1.000000
mesh_banner_kingdom_f 0 banner_kingdom_f 0.000000 0.000000 0.000000 -90.000000 0.000000 0.000000 1.000000 1.000000 1.000000
mesh_banner_f21 0 banners_default_b 0.000000 0.000000 0.000000 -90.000000 0.000000 0.000000 1.000000 1.000000 1.000000
mesh_heraldic_map_flag_01 0 heraldic_map_flag_01 0.000000 0.000000 0.000000 -90.000000 0.000000 90.000000 1.000000 1.000000 1.000000
mesh_heraldic_map_flag_02 0 heraldic_map_flag_02 0.000000 0.000000 0.000000 -90.000000 0.000000 90.000000 1.000000 1.000000 1.000000
mesh_heraldic_map_flag_03 0 heraldic_map_flag_03 0.000000 0.000000 0.000000 -90.000000 0.000000 90.000000 1.000000 1.000000 1.000000
mesh_tableau_mesh_heraldic_banner_01 0 tableau_mesh_heraldic_banner_01 0.000000 0.000000 0.000000 0.000000 0.000000 0.000000 10.000000 10.000000 10.000000
mesh_tableau_mesh_heraldic_banner_02 0 tableau_mesh_heraldic_banner_02 0.000000 0.000000 0.000000 0.000000 0.000000 0.000000 10.000000 10.000000 10.000000
mesh_tableau_mesh_heraldic_banner_03 0 tableau_mesh_heraldic_banner_03 0.000000 0.000000 0.000000 0.000000 0.000000 0.000000 10.000000 10.000000 10.000000
mesh_arms_kingdom_a 0 banner_kingdom_a 0.000000 0.000000 0.000000 -90.000000 0.000000 0.000000 1.000000 1.000000 1.000000
mesh_arms_kingdom_b 0 banner_kingdom_b 0.000000 0.000000 0.000000 -90.000000 0.000000 0.000000 1.000000 1.000000 1.000000
mesh_arms_kingdom_c 0 banner_kingdom_c 0.000000 0.000000 0.000000 -90.000000 0.000000 0.000000 1.000000 1.000000 1.000000
mesh_arms_kingdom_d 0 banner_kingdom_d 0.000000 0.000000 0.000000 -90.000000 0.000000 0.000000 1.000000 1.000000 1.000000
mesh_arms_kingdom_e 0 banner_kingdom_e 0.000000 0.000000 0.000000 -90.000000 0.000000 0.000000 1.000000 1.000000 1.000000
mesh_arms_kingdom_f 0 banner_kingdom_f 0.000000 0.000000 0.000000 -90.000000 0.000000 0.000000 1.000000 1.000000 1.000000
mesh_arms_f21 0 banners_default_b 0.000000 0.000000 0.000000 -90.000000 0.000000 0.000000 1.000000 1.000000 1.000000
mesh_banners_default_a 0 banners_default_a 0.000000 0.000000 0.000000 -90.000000 0.000000 0.000000 1.000000 1.000000 1.000000
mesh_banners_default_b 0 banners_default_b 0.000000 0.000000 0.000000 -90.000000 0.000000 0.000000 1.000000 1.000000 1.000000
mesh_banners_default_c 0 banners_default_c 0.000000 0.000000 0.000000 -90.000000 0.000000 0.000000 1.000000 1.000000 1.000000
mesh_banners_default_d 0 banners_default_d 0.000000 0.000000 0.000000 -90.000000 0.000000 0.000000 1.000000 1.000000 1.000000
mesh_banners_default_e 0 banners_default_e 0.000000 0.000000 0.000000 -90.000000 0.000000 0.000000 1.000000 1.000000 1.000000
mesh_troop_label_banner 0 troop_label_banner 0.000000 0.000000 0.000000 0.000000 0.000000 0.000000 10.000000 10.000000 10.000000
mesh_ui_kingdom_shield_1 0 ui_kingdom_shield_1 0.000000 0.000000 0.000000 0.000000 0.000000 0.000000 1.000000 1.000000 1.000000
mesh_ui_kingdom_shield_2 0 ui_kingdom_shield_2 0.000000 0.000000 0.000000 0.000000 0.000000 0.000000 1.000000 1.000000 1.000000
mesh_ui_kingdom_shield_3 0 ui_kingdom_shield_3 0.000000 0.000000 0.000000 0.000000 0.000000 0.000000 1.000000 1.000000 1.000000
mesh_ui_kingdom_shield_4 0 ui_kingdom_shield_4 0.000000 0.000000 0.000000 0.000000 0.000000 0.000000 1.000000 1.000000 1.000000
mesh_ui_kingdom_shield_5 0 ui_kingdom_shield_5 0.000000 0.000000 0.000000 0.000000 0.000000 0.000000 1.000000 1.000000 1.000000
mesh_ui_kingdom_shield_6 0 ui_kingdom_shield_6 0.000000 0.000000 0.000000 0.000000 0.000000 0.000000 1.000000 1.000000 1.000000
mesh_mouse_arrow_down 0 mouse_arrow_down 0.000000 0.000000 0.000000 0.000000 0.000000 0.000000 1.000000 1.000000 1.000000
mesh_mouse_arrow_right 0 mouse_arrow_right 0.000000 0.000000 0.000000 0.000000 0.000000 0.000000 1.000000 1.000000 1.000000
mesh_mouse_arrow_left 0 mouse_arrow_left 0.000000 0.000000 0.000000 0.000000 0.000000 0.000000 1.000000 1.000000 1.000000
mesh_mouse_arrow_up 0 mouse_arrow_up 0.000000 0.000000 0.000000 0.000000 0.000000 0.000000 1.000000 1.000000 1.000000
mesh_mouse_arrow_plus 0 mouse_arrow_plus 0.000000 0.000000 0.000000 0.000000 0.000000 0.000000 1.000000 1.000000 1.000000
mesh_mouse_left_click 0 mouse_left_click 0.000000 0.000000 0.000000 0.000000 0.000000 0.000000 1.000000 1.000000 1.000000
mesh_mouse_right_click 0 mouse_right_click 0.000000 0.000000 0.000000 0.000000 0.000000 0.000000 1.000000 1.000000 1.000000
mesh_status_ammo_ready 0 status_ammo_ready 0.000000 0.000000 0.000000 0.000000 0.000000 0.000000 1.000000 1.000000 1.000000
mesh_main_menu_background 0 main_menu_nord 0.000000 0.000000 0.000000 0.000000 0.000000 0.000000 1.000000 1.000000 1.000000
mesh_loading_background 0 load_screen_2 0.000000 0.000000 0.000000 0.000000 0.000000 0.000000 1.000000 1.000000 1.000000
mesh_ui_quick_battle_a 0 ui_quick_battle_a 0.000000 0.000000 0.000000 0.000000 0.000000 0.000000 1.000000 1.000000 1.000000
mesh_white_bg_plane_a 0 white_bg_plane_a 0.000000 0.000000 0.000000 0.000000 0.000000 0.000000 1.000000 1.000000 1.000000
mesh_cb_ui_icon_infantry 0 cb_ui_icon_infantry 0.000000 0.000000 0.000000 0.000000 0.000000 0.000000 1.000000 1.000000 1.000000
mesh_cb_ui_icon_archer 0 cb_ui_icon_archer 0.000000 0.000000 0.000000 0.000000 0.000000 0.000000 1.000000 1.000000 1.000000
mesh_cb_ui_icon_horseman 0 cb_ui_icon_horseman 0.000000 0.000000 0.000000 0.000000 0.000000 0.000000 1.000000 1.000000 1.000000
mesh_cb_ui_main 0 cb_ui_main 0.000000 0.000000 0.000000 0.000000 0.000000 0.000000 1.000000 1.000000 1.000000
mesh_cb_ui_maps_scene_01 0 cb_ui_maps_scene_01 0.000000 0.000000 0.000000 0.000000 0.000000 0.000000 1.000000 1.000000 1.000000
mesh_cb_ui_maps_scene_02 0 cb_ui_maps_scene_02 0.000000 0.000000 0.000000 0.000000 0.000000 0.000000 1.000000 1.000000 1.000000
mesh_cb_ui_maps_scene_03 0 cb_ui_maps_scene_03 0.000000 0.000000 0.000000 0.000000 0.000000 0.000000 1.000000 1.000000 1.000000
mesh_cb_ui_maps_scene_04 0 cb_ui_maps_scene_04 0.000000 0.000000 0.000000 0.000000 0.000000 0.000000 1.000000 1.000000 1.000000
mesh_cb_ui_maps_scene_05 0 cb_ui_maps_scene_05 0.000000 0.000000 0.000000 0.000000 0.000000 0.000000 1.000000 1.000000 1.000000
mesh_cb_ui_maps_scene_06 0 cb_ui_maps_scene_06 0.000000 0.000000 0.000000 0.000000 0.000000 0.000000 1.000000 1.000000 1.000000
mesh_cb_ui_maps_scene_07 0 cb_ui_maps_scene_07 0.000000 0.000000 0.000000 0.000000 0.000000 0.000000 1.000000 1.000000 1.000000
mesh_cb_ui_maps_scene_08 0 cb_ui_maps_scene_08 0.000000 0.000000 0.000000 0.000000 0.000000 0.000000 1.000000 1.000000 1.000000
mesh_cb_ui_maps_scene_09 0 cb_ui_maps_scene_09 0.000000 0.000000 0.000000 0.000000 0.000000 0.000000 1.000000 1.000000 1.000000
mesh_mp_ui_host_maps_14 0 mp_ui_host_maps_c4 0.000000 0.000000 0.000000 0.000000 0.000000 0.000000 1.000000 1.000000 1.000000
mesh_mp_ui_host_maps_15 0 mp_ui_host_maps_c5 0.000000 0.000000 0.000000 0.000000 0.000000 0.000000 1.000000 1.000000 1.000000
mesh_quit_adv 0 quit_adv 0.000000 0.000000 0.000000 0.000000 0.000000 0.000000 1.000000 1.000000 1.000000
mesh_quit_adv_b 0 quit_adv_b 0.000000 0.000000 0.000000 0.000000 0.000000 0.000000 1.000000 1.000000 1.000000
mesh_ui_kingdom_shield_7 0 ui_kingdom_shield_7 0.000000 0.000000 0.000000 0.000000 0.000000 0.000000 1.000000 1.000000 1.000000
mesh_flag_project_rb 0 flag_project_rb 0.000000 0.000000 0.000000 0.000000 0.000000 0.000000 1.000000 1.000000 1.000000
mesh_flag_project_rb_miss 0 flag_project_rb_miss 0.000000 0.000000 0.000000 0.000000 0.000000 0.000000 1.000000 1.000000 1.000000
mesh_mp_ui_host_maps_16 0 mp_ui_host_maps_d1 0.000000 0.000000 0.000000 0.000000 0.000000 0.000000 1.000000 1.000000 1.000000
mesh_mp_ui_host_maps_17 0 mp_ui_host_maps_d2 0.000000 0.000000 0.000000 0.000000 0.000000 0.000000 1.000000 1.000000 1.000000
mesh_mp_ui_host_maps_18 0 mp_ui_host_maps_d3 0.000000 0.000000 0.000000 0.000000 0.000000 0.000000 1.000000 1.000000 1.000000
mesh_helmet_inside 0 helmet_inside 0.000000 0.000000 0.000000 0.000000 0.000000 0.000000 1.000000 1.000000 1.000000
mesh_helmet_T_inside 0 helmet_T_inside 0.000000 0.000000 0.000000 0.000000 0.000000 0.000000 1.000000 1.000000 1.000000
mesh_helmet_invisible 0 helmet_invisible 0.000000 0.000000 0.000000 0.000000 0.000000 0.000000 1.000000 1.000000 1.000000
mesh_order_frame 0 mp_ui_order_button 0.000000 0.000000 0.000000 0.000000 0.000000 0.000000 1.000000 1.000000 1.000000
mesh_flag_spears 0 flag_infantry 0.000000 0.000000 0.000000 0.000000 0.000000 0.000000 1.000000 1.000000 1.000000
mesh_flag_skirmishers 0 flag_archers 0.000000 0.000000 0.000000 0.000000 0.000000 0.000000 1.000000 1.000000 1.000000
mesh_flag_horsemen 0 flag_cavalry 0.000000 0.000000 0.000000 0.000000 0.000000 0.000000 1.000000 1.000000 1.000000
mesh_flag_d7 0 flag_infantry 0.000000 0.000000 0.000000 0.000000 0.000000 0.000000 1.000000 1.000000 1.000000
mesh_flag_d8 0 flag_archers 0.000000 0.000000 0.000000 0.000000 0.000000 0.000000 1.000000 1.000000 1.000000
mesh_flag_d9 0 flag_cavalry 0.000000 0.000000 0.000000 0.000000 0.000000 0.000000 1.000000 1.000000 1.000000
mesh_pic_soldier_world_map 0 pic_soldier_world_map 0.000000 0.000000 0.000000 0.000000 0.000000 0.000000 1.000000 1.000000 1.000000
mesh_pic_soldier_rebel 0 pic_soldier_rebel 0.000000 0.000000 0.000000 0.000000 0.000000 0.000000 1.000000 1.000000 1.000000
mesh_pic_soldier_desert 0 pic_soldier_desert 0.000000 0.000000 0.000000 0.000000 0.000000 0.000000 1.000000 1.000000 1.000000
mesh_pic_troop_trees 0 meeting_window 0.000000 0.000000 0.000000 0.000000 0.000000 0.000000 1.000000 1.000000 1.000000
mesh_pic_units_details 0 meeting_window 0.000000 0.000000 0.000000 0.000000 0.000000 0.000000 1.000000 1.000000 1.000000
