partiesfile version 1
257 257
 1 0 0 p_main_party Main_Party 1048576 0 0 11 0 0 0 0 0 17.000000 52.500000 17.000000 52.500000 17.000000 52.500000 0.0 1 0 1 0 0 
0.000000
 1 1 1 p_temp_party {!}temp_party 256 0 0 1 0 0 0 0 0 0.000000 0.000000 0.000000 0.000000 0.000000 0.000000 0.0 0 
0.000000
 1 2 2 p_camp_bandits {!}camp_bandits 256 0 0 2 0 0 0 0 0 1.000000 1.000000 1.000000 1.000000 1.000000 1.000000 0.0 1 3 3 0 0 
0.000000
 1 3 3 p_temp_party_2 {!}temp_party_2 256 0 0 1 0 0 0 0 0 0.000000 0.000000 0.000000 0.000000 0.000000 0.000000 0.0 0 
0.000000
 1 4 4 p_temp_casualties {!}casualties 256 0 0 3 0 0 0 0 0 1.000000 1.000000 1.000000 1.000000 1.000000 1.000000 0.0 0 
0.000000
 1 5 5 p_temp_casualties_2 {!}casualties 256 0 0 3 0 0 0 0 0 1.000000 1.000000 1.000000 1.000000 1.000000 1.000000 0.0 0 
0.000000
 1 6 6 p_temp_casualties_3 {!}casualties 256 0 0 3 0 0 0 0 0 1.000000 1.000000 1.000000 1.000000 1.000000 1.000000 0.0 0 
0.000000
 1 7 7 p_temp_wounded {!}enemies_wounded 256 0 0 3 0 0 0 0 0 1.000000 1.000000 1.000000 1.000000 1.000000 1.000000 0.0 0 
0.000000
 1 8 8 p_temp_killed {!}enemies_killed 256 0 0 3 0 0 0 0 0 1.000000 1.000000 1.000000 1.000000 1.000000 1.000000 0.0 0 
0.000000
 1 9 9 p_main_party_backup {!}_ 256 0 0 3 0 0 0 0 0 1.000000 1.000000 1.000000 1.000000 1.000000 1.000000 0.0 0 
0.000000
 1 10 10 p_encountered_party_backup {!}_ 256 0 0 3 0 0 0 0 0 1.000000 1.000000 1.000000 1.000000 1.000000 1.000000 0.0 0 
0.000000
 1 11 11 p_collective_friends_backup {!}_ 256 0 0 3 0 0 0 0 0 1.000000 1.000000 1.000000 1.000000 1.000000 1.000000 0.0 0 
0.000000
 1 12 12 p_player_casualties {!}_ 256 0 0 3 0 0 0 0 0 1.000000 1.000000 1.000000 1.000000 1.000000 1.000000 0.0 0 
0.000000
 1 13 13 p_enemy_casualties {!}_ 256 0 0 3 0 0 0 0 0 1.000000 1.000000 1.000000 1.000000 1.000000 1.000000 0.0 0 
0.000000
 1 14 14 p_ally_casualties {!}_ 256 0 0 3 0 0 0 0 0 1.000000 1.000000 1.000000 1.000000 1.000000 1.000000 0.0 0 
0.000000
 1 15 15 p_collective_enemy {!}collective_enemy 256 0 0 3 0 0 0 0 0 1.000000 1.000000 1.000000 1.000000 1.000000 1.000000 0.0 0 
0.000000
 1 16 16 p_collective_ally {!}collective_ally 256 0 0 3 0 0 0 0 0 1.000000 1.000000 1.000000 1.000000 1.000000 1.000000 0.0 0 
0.000000
 1 17 17 p_collective_friends {!}collective_ally 256 0 0 3 0 0 0 0 0 1.000000 1.000000 1.000000 1.000000 1.000000 1.000000 0.0 0 
0.000000
 1 18 18 p_total_enemy_casualties {!}_ 256 0 0 3 0 0 0 0 0 1.000000 1.000000 1.000000 1.000000 1.000000 1.000000 0.0 0 
0.000000
 1 19 19 p_routed_enemies {!}routed_enemies 256 0 0 3 0 0 0 0 0 1.000000 1.000000 1.000000 1.000000 1.000000 1.000000 0.0 0 
0.000000
 1 20 20 p_freelancer_party_backup {!} 256 0 0 3 0 0 0 0 0 1.000000 1.000000 1.000000 1.000000 1.000000 1.000000 0.0 0 
0.000000
 1 21 21 p_freelancer_player_party {!} 256 0 0 3 0 0 0 0 0 1.000000 1.000000 1.000000 1.000000 1.000000 1.000000 0.0 0 
0.000000
 1 22 22 p_zendar Zendar 2114828 0 0 3 0 0 0 0 0 18.000000 60.000000 18.000000 60.000000 18.000000 60.000000 0.0 0 
0.000000
 1 23 23 p_town_1 Paris 4219916 0 0 3 0 0 0 0 0 27.270000 43.080000 27.270000 43.080000 27.270000 43.080000 0.0 0 
2.967061
 1 24 24 p_town_2 Reims 4219917 0 0 3 0 0 0 0 0 62.500000 60.590000 62.500000 60.590000 62.500000 60.590000 0.0 0 
-0.785399
 1 25 25 p_town_3 Nantes 4219916 0 0 3 0 0 0 0 0 -48.380000 9.890000 -48.380000 9.890000 -48.380000 9.890000 0.0 0 
0.000000
 1 26 26 p_town_4 Bourges 4219916 0 0 3 0 0 0 0 0 28.630000 -0.400000 28.630000 -0.400000 28.630000 -0.400000 0.0 0 
5.061457
 1 27 27 p_town_5 Metz 4219917 0 0 3 0 0 0 0 0 82.750000 44.490000 82.750000 44.490000 82.750000 44.490000 0.0 0 
-0.174533
 1 28 28 p_town_6 Dijon 4219916 0 0 3 0 0 0 0 0 73.680000 5.290000 73.680000 5.290000 73.680000 5.290000 0.0 0 
2.705262
 1 29 29 p_town_7 Montpellier 4219917 0 0 3 0 0 0 0 0 35.410000 -87.850000 35.410000 -87.850000 35.410000 -87.850000 0.0 0 
0.523599
 1 30 30 p_town_8 Marseille 4219917 0 0 3 0 0 0 0 0 76.620000 -95.410000 76.620000 -95.410000 76.620000 -95.410000 0.0 0 
-0.785399
 1 31 31 p_town_9 Caen 4219938 0 0 3 0 0 0 0 0 -28.970000 57.750000 -28.970000 57.750000 -28.970000 57.750000 0.0 0 
1.570797
 1 32 32 p_town_10 Limoges 4219916 0 0 3 0 0 0 0 0 -1.080000 -35.230000 -1.080000 -35.230000 -1.080000 -35.230000 0.0 0 
5.410523
 1 33 33 p_town_11 Calais 4219938 0 0 3 0 0 0 0 0 15.230000 96.740000 15.230000 96.740000 15.230000 96.740000 0.0 0 
2.617995
 1 34 34 p_town_12 Rouen 4219938 0 0 3 0 0 0 0 0 0.490000 62.100000 0.490000 62.100000 0.490000 62.100000 0.0 0 
0.436333
 1 35 35 p_town_13 Toulouse 4219917 0 0 3 0 0 0 0 0 -9.070000 -88.800000 -9.070000 -88.800000 -9.070000 -88.800000 0.0 0 
1.047198
 1 36 36 p_town_14 Bordeaux 4219917 0 0 3 0 0 0 0 0 -30.030000 -69.800000 -30.030000 -69.800000 -30.030000 -69.800000 0.0 0 
2.356196
 1 37 37 p_town_15 Orleans 4219916 0 0 3 0 0 0 0 0 17.740000 21.540000 17.740000 21.540000 17.740000 21.540000 0.0 0 
2.356196
 1 38 38 p_town_16 Tours 4219917 0 0 3 0 0 0 0 0 -3.120000 2.980000 -3.120000 2.980000 -3.120000 2.980000 0.0 0 
0.698132
 1 39 39 p_town_17 Poitiers 4219917 0 0 3 0 0 0 0 0 -15.730000 -14.210000 -15.730000 -14.210000 -15.730000 -14.210000 0.0 0 
2.356196
 1 40 40 p_town_18 Avignon 4219917 0 0 3 0 0 0 0 0 73.680000 -65.940000 73.680000 -65.940000 73.680000 -65.940000 0.0 0 
1.570797
 1 41 41 p_town_19 Cherbourg 4219917 0 0 3 0 0 0 0 0 -40.860000 77.510000 -40.860000 77.510000 -40.860000 77.510000 0.0 0 
0.785399
 1 42 42 p_town_20 Lyon 4219917 0 0 3 0 0 0 0 0 80.560000 -36.720000 80.560000 -36.720000 80.560000 -36.720000 0.0 0 
4.712391
 1 43 43 p_town_21 Auxerre 4219917 0 0 3 0 0 0 0 0 40.150000 18.690000 40.150000 18.690000 40.150000 18.690000 0.0 0 
5.759589
 1 44 44 p_town_22 Rennes 4219917 0 0 3 0 0 0 0 0 -51.200000 27.860000 -51.200000 27.860000 -51.200000 27.860000 0.0 0 
0.000000
 1 45 45 p_castle_1 Cherbourg 4215843 0 0 3 0 0 0 0 0 -38.960000 79.510000 -38.960000 79.510000 -38.960000 79.510000 0.0 0 
-0.541052
 1 46 46 p_castle_2 Amiens 4215843 0 0 3 0 0 0 0 0 24.260000 73.170000 24.260000 73.170000 24.260000 73.170000 0.0 0 
1.308998
 1 47 47 p_castle_3 Chartres 4215838 0 0 3 0 0 0 0 0 16.810000 33.080000 16.810000 33.080000 16.810000 33.080000 0.0 0 
1.745330
 1 48 48 p_castle_4 Brest 4215840 0 0 3 0 0 0 0 0 -92.790000 43.900000 -92.790000 43.900000 -92.790000 43.900000 0.0 0 
3.141594
 1 49 49 p_castle_5 Troyes 4215840 0 0 3 0 0 0 0 0 50.630000 14.030000 50.630000 14.030000 50.630000 14.030000 0.0 0 
1.570797
 1 50 50 p_castle_6 La_Rochelle 4215841 0 0 3 0 0 0 0 0 -45.200000 -13.310000 -45.200000 -13.310000 -45.200000 -13.310000 0.0 0 
0.959932
 1 51 51 p_castle_7 Angouleme 4215838 0 0 3 0 0 0 0 0 -17.280000 -38.680000 -17.280000 -38.680000 -17.280000 -38.680000 0.0 0 
0.785399
 1 52 52 p_castle_8 Moulins 4215838 0 0 3 0 0 0 0 0 50.910000 -12.180000 50.910000 -12.180000 50.910000 -12.180000 0.0 0 
0.523599
 1 53 53 p_castle_9 Clermont 4215840 0 0 3 0 0 0 0 0 28.430000 -27.200000 28.430000 -27.200000 28.430000 -27.200000 0.0 0 
1.745330
 1 54 54 p_castle_10 Lyon 4215840 0 0 3 0 0 0 0 0 80.760000 -40.320000 80.760000 -40.320000 80.760000 -40.320000 0.0 0 
1.919863
 1 55 55 p_castle_11 Le_Mans 4215838 0 0 3 0 0 0 0 0 -21.820000 22.520000 -21.820000 22.520000 -21.820000 22.520000 0.0 0 
1.308998
 1 56 56 p_castle_12 Bayonne 4215838 0 0 3 0 0 0 0 0 -43.390000 -88.970000 -43.390000 -88.970000 -43.390000 -88.970000 0.0 0 
1.658064
 1 57 57 p_castle_13 Auch 4215838 0 0 3 0 0 0 0 0 -19.660000 -87.590000 -19.660000 -87.590000 -19.660000 -87.590000 0.0 0 
2.007130
 1 58 58 p_castle_14 Tarbes 4215840 0 0 3 0 0 0 0 0 -25.430000 -95.730000 -25.430000 -95.730000 -25.430000 -95.730000 0.0 0 
1.570797
 1 59 59 p_castle_15 Albe 4215838 0 0 3 0 0 0 0 0 63.470000 38.120000 63.470000 38.120000 63.470000 38.120000 0.0 0 
4.101526
 1 60 60 p_castle_16 Carcassonne 4215838 0 0 3 0 0 0 0 0 18.900000 -95.950000 18.900000 -95.950000 18.900000 -95.950000 0.0 0 
0.785399
 1 61 61 p_castle_17 Donjon_de_Grenoble 4215841 0 0 3 0 0 0 0 0 88.890000 -66.130000 88.890000 -66.130000 88.890000 -66.130000 0.0 0 
0.261800
 1 62 62 p_castle_18 St.Malo 4215841 0 0 3 0 0 0 0 0 -59.940000 46.130000 -59.940000 46.130000 -59.940000 46.130000 0.0 0 
5.235990
 1 63 63 p_castle_19 Antwerp 4215843 0 0 3 0 0 0 0 0 49.120000 102.980000 49.120000 102.980000 49.120000 102.980000 0.0 0 
4.886924
 1 64 64 p_castle_20 Peronne 4215843 0 0 3 0 0 0 0 0 38.760000 78.380000 38.760000 78.380000 38.760000 78.380000 0.0 0 
4.537858
 1 65 65 p_castle_21 Verneuilo 4215838 0 0 3 0 0 0 0 0 -17.800000 44.760000 -17.800000 44.760000 -17.800000 44.760000 0.0 0 
4.537858
 1 66 66 p_castle_22 Chateauroux 4215838 0 0 3 0 0 0 0 0 16.840000 -12.700000 16.840000 -12.700000 16.840000 -12.700000 0.0 0 
4.537858
 1 67 67 p_castle_23 Laval 4215838 0 0 3 0 0 0 0 0 -34.300000 17.510000 -34.300000 17.510000 -34.300000 17.510000 0.0 0 
1.396264
 1 68 68 p_castle_24 Senlis 4215838 0 0 3 0 0 0 0 0 41.560000 55.430000 41.560000 55.430000 41.560000 55.430000 0.0 0 
4.537858
 1 69 69 p_castle_25 Turenne 4215838 0 0 3 0 0 0 0 0 0.660000 -52.540000 0.660000 -52.540000 0.660000 -52.540000 0.0 0 
4.537858
 1 70 70 p_castle_26 Aurillac 4215838 0 0 3 0 0 0 0 0 12.820000 -50.430000 12.820000 -50.430000 12.820000 -50.430000 0.0 0 
4.537858
 1 71 71 p_castle_27 Nevers 4215838 0 0 3 0 0 0 0 0 43.560000 3.080000 43.560000 3.080000 43.560000 3.080000 0.0 0 
4.537858
 1 72 72 p_castle_28 Monterean 4215838 0 0 3 0 0 0 0 0 51.540000 26.230000 51.540000 26.230000 51.540000 26.230000 0.0 0 
4.537858
 1 73 73 p_castle_29 Dieppe 4215843 0 0 3 0 0 0 0 0 0.270000 77.050000 0.270000 77.050000 0.270000 77.050000 0.0 0 
4.886924
 1 74 74 p_castle_30 Rodez 4215841 0 0 3 0 0 0 0 0 11.190000 -73.930000 11.190000 -73.930000 11.190000 -73.930000 0.0 0 
4.537858
 1 75 75 p_castle_31 Le_Puy 4215838 0 0 3 0 0 0 0 0 34.760000 -45.380000 34.760000 -45.380000 34.760000 -45.380000 0.0 0 
4.537858
 1 76 76 p_castle_32 Cahors 4215838 0 0 3 0 0 0 0 0 -9.580000 -68.880000 -9.580000 -68.880000 -9.580000 -68.880000 0.0 0 
4.537858
 1 77 77 p_castle_33 Nantes 4215838 0 0 3 0 0 0 0 0 -55.600000 10.170000 -55.600000 10.170000 -55.600000 10.170000 0.0 0 
1.396264
 1 78 78 p_castle_34 Neufchateau 4215838 0 0 3 0 0 0 0 0 76.080000 30.260000 76.080000 30.260000 76.080000 30.260000 0.0 0 
4.537858
 1 79 79 p_castle_35 Chalons 4215838 0 0 3 0 0 0 0 0 63.110000 47.590000 63.110000 47.590000 63.110000 47.590000 0.0 0 
4.537858
 1 80 80 p_castle_36 Albret 4215841 0 0 3 0 0 0 0 0 -34.590000 -79.210000 -34.590000 -79.210000 -34.590000 -79.210000 0.0 0 
4.537858
 1 81 81 p_castle_37 Montargis 4215840 0 0 3 0 0 0 0 0 28.780000 29.290000 28.780000 29.290000 28.780000 29.290000 0.0 0 
4.537858
 1 82 82 p_castle_38 Bruges 4215843 0 0 3 0 0 0 0 0 40.170000 95.940000 40.170000 95.940000 40.170000 95.940000 0.0 0 
4.537858
 1 83 83 p_castle_39 Thouars 4215838 0 0 3 0 0 0 0 0 -31.650000 -0.480000 -31.650000 -0.480000 -31.650000 -0.480000 0.0 0 
4.886924
 1 84 84 p_castle_40 Castle_Agincourt 4215843 0 0 3 0 0 0 0 0 25.020000 79.910000 25.020000 79.910000 25.020000 79.910000 0.0 0 
4.537858
 1 85 85 p_castle_41 Mont_st_Michel 4215841 0 0 3 0 0 0 0 0 -44.500000 44.130000 -44.500000 44.130000 -44.500000 44.130000 0.0 0 
4.537858
 1 86 86 p_castle_42 Pont_de_Poitier 4215849 0 0 3 0 0 0 0 0 -9.680000 -6.100000 -9.680000 -6.100000 -9.680000 -6.100000 0.0 0 
4.537858
 1 87 87 p_castle_43 Pont_de_Tours 4215849 0 0 3 0 0 0 0 0 -7.180000 2.780000 -7.180000 2.780000 -7.180000 2.780000 0.0 0 
4.537858
 1 88 88 p_castle_44 Pont_de_Bordeau 4215849 0 0 3 0 0 0 0 0 -27.310000 -70.250000 -27.310000 -70.250000 -27.310000 -70.250000 0.0 0 
4.537858
 1 89 89 p_castle_45 Pont_fortifie 4215849 0 0 3 0 0 0 0 0 52.840000 27.530000 52.840000 27.530000 52.840000 27.530000 0.0 0 
4.537858
 1 90 90 p_castle_46 Pont_de_Bourges 4215849 0 0 3 0 0 0 0 0 46.460000 -5.140000 46.460000 -5.140000 46.460000 -5.140000 0.0 0 
4.537858
 1 91 91 p_castle_47 Pont_des_tourelles 4215849 0 0 3 0 0 0 0 0 19.080000 18.490000 19.080000 18.490000 19.080000 18.490000 0.0 0 
4.537858
 1 92 92 p_castle_48 chinon 4215838 0 0 3 0 0 0 0 0 -8.870000 -2.720000 -8.870000 -2.720000 -8.870000 -2.720000 0.0 0 
4.537858
 1 93 93 p_village_1 Bruges_Village 2114584 0 0 3 0 0 0 0 0 39.470000 99.260000 39.470000 99.260000 39.470000 99.260000 0.0 0 
1.745330
 1 94 94 p_village_2 Boulogne 2114584 0 0 3 0 0 0 0 0 11.980000 87.990000 11.980000 87.990000 11.980000 87.990000 0.0 0 
1.919863
 1 95 95 p_village_3 Lille 2114584 0 0 3 0 0 0 0 0 32.240000 89.790000 32.240000 89.790000 32.240000 89.790000 0.0 0 
2.094396
 1 96 96 p_village_4 Abbeville 2114584 0 0 3 0 0 0 0 0 10.010000 81.610000 10.010000 81.610000 10.010000 81.610000 0.0 0 
2.268929
 1 97 97 p_village_5 Nemours 2114575 0 0 3 0 0 0 0 0 34.070000 34.090000 34.070000 34.090000 34.070000 34.090000 0.0 0 
2.967061
 1 98 98 p_village_6 Mayenne 2114575 0 0 3 0 0 0 0 0 -31.700000 26.130000 -31.700000 26.130000 -31.700000 26.130000 0.0 0 
2.967061
 1 99 99 p_village_7 Laon 2114575 0 0 3 0 0 0 0 0 56.690000 69.980000 56.690000 69.980000 56.690000 69.980000 0.0 0 
1.919863
 1 100 100 p_village_8 Soissons 2114575 0 0 3 0 0 0 0 0 51.920000 56.240000 51.920000 56.240000 51.920000 56.240000 0.0 0 
2.094396
 1 101 101 p_village_9 Senlis_Village 2114575 0 0 3 0 0 0 0 0 40.150000 53.220000 40.150000 53.220000 40.150000 53.220000 0.0 0 
2.268929
 1 102 102 p_village_10 Beaumont 2114575 0 0 3 0 0 0 0 0 31.460000 47.440000 31.460000 47.440000 31.460000 47.440000 0.0 0 
2.967061
 1 103 103 p_village_11 Chalons_Village 2114575 0 0 3 0 0 0 0 0 64.340000 51.370000 64.340000 51.370000 64.340000 51.370000 0.0 0 
1.745330
 1 104 104 p_village_12 Bar 2114575 0 0 3 0 0 0 0 0 76.610000 45.820000 76.610000 45.820000 76.610000 45.820000 0.0 0 
1.919863
 1 105 105 p_village_13 Joinville 2114575 0 0 3 0 0 0 0 0 73.730000 35.360000 73.730000 35.360000 73.730000 35.360000 0.0 0 
2.094396
 1 106 106 p_village_14 Melun 2114575 0 0 3 0 0 0 0 0 47.470000 39.320000 47.470000 39.320000 47.470000 39.320000 0.0 0 
2.268929
 1 107 107 p_village_15 Sens 2114575 0 0 3 0 0 0 0 0 39.830000 27.780000 39.830000 27.780000 39.830000 27.780000 0.0 0 
2.967061
 1 108 108 p_village_16 Dieppe_Village 2114584 0 0 3 0 0 0 0 0 2.970000 76.390000 2.970000 76.390000 2.970000 76.390000 0.0 0 
2.967061
 1 109 109 p_village_17 Harcourt 2114584 0 0 3 0 0 0 0 0 -10.100000 63.140000 -10.100000 63.140000 -10.100000 63.140000 0.0 0 
0.610866
 1 110 110 p_village_18 Bayeux 2114584 0 0 3 0 0 0 0 0 -32.220000 63.300000 -32.220000 63.300000 -32.220000 63.300000 0.0 0 
2.967061
 1 111 111 p_village_19 Lisieux 2114584 0 0 3 0 0 0 0 0 -15.880000 56.990000 -15.880000 56.990000 -15.880000 56.990000 0.0 0 
1.745330
 1 112 112 p_village_20 Harfleur 2114584 0 0 3 0 0 0 0 0 -19.320000 66.850000 -19.320000 66.850000 -19.320000 66.850000 0.0 0 
1.745330
 1 113 113 p_village_21 Honflew 2114584 0 0 3 0 0 0 0 0 -21.760000 61.920000 -21.760000 61.920000 -21.760000 61.920000 0.0 0 
1.047198
 1 114 114 p_village_22 Quimper 2114575 0 0 3 0 0 0 0 0 -83.610000 34.420000 -83.610000 34.420000 -83.610000 34.420000 0.0 0 
1.919863
 1 115 115 p_village_23 Laval_Village 2114575 0 0 3 0 0 0 0 0 -35.590000 20.290000 -35.590000 20.290000 -35.590000 20.290000 0.0 0 
2.094396
 1 116 116 p_village_24 Graon 2114575 0 0 3 0 0 0 0 0 -35.940000 13.510000 -35.940000 13.510000 -35.940000 13.510000 0.0 0 
2.268929
 1 117 117 p_village_25 Blois 2114575 0 0 3 0 0 0 0 0 -1.810000 8.910000 -1.810000 8.910000 -1.810000 8.910000 0.0 0 
2.967061
 1 118 118 p_village_26 Levet 2114575 0 0 3 0 0 0 0 0 28.630000 -6.140000 28.630000 -6.140000 28.630000 -6.140000 0.0 0 
2.967061
 1 119 119 p_village_27 Vierzon 2114575 0 0 3 0 0 0 0 0 20.880000 2.310000 20.880000 2.310000 20.880000 2.310000 0.0 0 
2.967061
 1 120 120 p_village_28 Chateauroux 2114575 0 0 3 0 0 0 0 0 -43.540000 17.590000 -43.540000 17.590000 -43.540000 17.590000 0.0 0 
2.967061
 1 121 121 p_village_29 Nevers_Village 2114575 0 0 3 0 0 0 0 0 44.460000 0.120000 44.460000 0.120000 44.460000 0.120000 0.0 0 
2.967061
 1 122 122 p_village_30 Fontenay 2114575 0 0 3 0 0 0 0 0 -56.420000 12.890000 -56.420000 12.890000 -56.420000 12.890000 0.0 0 
0.000000
 1 123 123 p_village_31 Niort 2114575 0 0 3 0 0 0 0 0 -46.700000 26.540000 -46.700000 26.540000 -46.700000 26.540000 0.0 0 
1.745330
 1 124 124 p_village_32 La_Tremouille 2114575 0 0 3 0 0 0 0 0 -3.700000 -13.990000 -3.700000 -13.990000 -3.700000 -13.990000 0.0 0 
1.919863
 1 125 125 p_village_33 Gueret 2114575 0 0 3 0 0 0 0 0 -1.640000 -24.930000 -1.640000 -24.930000 -1.640000 -24.930000 0.0 0 
2.094396
 1 126 126 p_village_34 Rochefort 2114575 0 0 3 0 0 0 0 0 -43.370000 -18.450000 -43.370000 -18.450000 -43.370000 -18.450000 0.0 0 
2.268929
 1 127 127 p_village_35 Saintes 2114575 0 0 3 0 0 0 0 0 -30.200000 -35.420000 -30.200000 -35.420000 -30.200000 -35.420000 0.0 0 
2.967061
 1 128 128 p_village_36 Soyaux 2114575 0 0 3 0 0 0 0 0 -15.270000 -41.260000 -15.270000 -41.260000 -15.270000 -41.260000 0.0 0 
2.967061
 1 129 129 p_village_37 Turenne_Village 2114575 0 0 3 0 0 0 0 0 0.230000 -55.000000 0.230000 -55.000000 0.230000 -55.000000 0.0 0 
2.967061
 1 130 130 p_village_38 Perigueux 2114575 0 0 3 0 0 0 0 0 -11.600000 -52.380000 -11.600000 -52.380000 -11.600000 -52.380000 0.0 0 
2.967061
 1 131 131 p_village_39 Aurillac_Village 2114575 0 0 3 0 0 0 0 0 10.980000 -46.660000 10.980000 -46.660000 10.980000 -46.660000 0.0 0 
2.967061
 1 132 132 p_village_40 Moulins_Village 2114575 0 0 3 0 0 0 0 0 50.510000 -9.260000 50.510000 -9.260000 50.510000 -9.260000 0.0 0 
2.967061
 1 133 133 p_village_41 Langres 2114575 0 0 3 0 0 0 0 0 71.500000 21.740000 71.500000 21.740000 71.500000 21.740000 0.0 0 
1.745330
 1 134 134 p_village_42 Beaune 2114575 0 0 3 0 0 0 0 0 76.890000 -9.590000 76.890000 -9.590000 76.890000 -9.590000 0.0 0 
1.919863
 1 135 135 p_village_43 Chalon 2114575 0 0 3 0 0 0 0 0 76.310000 -17.940000 76.310000 -17.940000 76.310000 -17.940000 0.0 0 
2.094396
 1 136 136 p_village_44 Macon 2114575 0 0 3 0 0 0 0 0 75.810000 -24.810000 75.810000 -24.810000 75.810000 -24.810000 0.0 0 
2.268929
 1 137 137 p_village_45 Vienne 2114575 0 0 3 0 0 0 0 0 79.460000 -44.240000 79.460000 -44.240000 79.460000 -44.240000 0.0 0 
2.967061
 1 138 138 p_village_46 Clermont_Village 2114575 0 0 3 0 0 0 0 0 26.270000 -25.030000 26.270000 -25.030000 26.270000 -25.030000 0.0 0 
2.967061
 1 139 139 p_village_47 Valence 2114575 0 0 3 0 0 0 0 0 77.280000 -68.640000 77.280000 -68.640000 77.280000 -68.640000 0.0 0 
2.967061
 1 140 140 p_village_48 Briancon 2114584 0 0 3 0 0 0 0 0 96.940000 -73.270000 96.940000 -73.270000 96.940000 -73.270000 0.0 0 
2.967061
 1 141 141 p_village_49 Fecamp 2114584 0 0 3 0 0 0 0 0 -12.000000 73.550000 -12.000000 73.550000 -12.000000 73.550000 0.0 0 
1.745330
 1 142 142 p_village_50 Verneuilo_Village 2114584 0 0 3 0 0 0 0 0 -17.050000 47.170000 -17.050000 47.170000 -17.050000 47.170000 0.0 0 
1.745330
 1 143 143 p_village_51 Castillon 2114575 0 0 3 0 0 0 0 0 -26.240000 -62.410000 -26.240000 -62.410000 -26.240000 -62.410000 0.0 0 
1.745330
 1 144 144 p_village_52 Cahors_Village 2114575 0 0 3 0 0 0 0 0 -5.670000 -69.610000 -5.670000 -69.610000 -5.670000 -69.610000 0.0 0 
1.919863
 1 145 145 p_village_53 Agen 2114575 0 0 3 0 0 0 0 0 -19.390000 -74.960000 -19.390000 -74.960000 -19.390000 -74.960000 0.0 0 
2.094396
 1 146 146 p_village_54 Montauban 2114575 0 0 3 0 0 0 0 0 -7.870000 -77.260000 -7.870000 -77.260000 -7.870000 -77.260000 0.0 0 
2.268929
 1 147 147 p_village_55 Foix 2114575 0 0 3 0 0 0 0 0 -3.410000 -95.580000 -3.410000 -95.580000 -3.410000 -95.580000 0.0 0 
2.967061
 1 148 148 p_village_56 Narbonne 2114575 0 0 3 0 0 0 0 0 28.510000 -95.430000 28.510000 -95.430000 28.510000 -95.430000 0.0 0 
2.967061
 1 149 149 p_village_57 Sete 2114575 0 0 3 0 0 0 0 0 44.530000 -85.390000 44.530000 -85.390000 44.530000 -85.390000 0.0 0 
2.967061
 1 150 150 p_village_58 Nimes 2114575 0 0 3 0 0 0 0 0 61.610000 -85.320000 61.610000 -85.320000 61.610000 -85.320000 0.0 0 
2.967061
 1 151 151 p_village_59 Arles 2114575 0 0 3 0 0 0 0 0 70.200000 -81.390000 70.200000 -81.390000 70.200000 -81.390000 0.0 0 
2.967061
 1 152 152 p_village_60 Toulon 2114575 0 0 3 0 0 0 0 0 88.450000 -92.410000 88.450000 -92.410000 88.450000 -92.410000 0.0 0 
2.967061
 1 153 153 p_village_61 Dax 2114575 0 0 3 0 0 0 0 0 -35.520000 -85.830000 -35.520000 -85.830000 -35.520000 -85.830000 0.0 0 
0.174533
 1 154 154 p_village_62 Alencon 2114575 0 0 3 0 0 0 0 0 -23.500000 34.330000 -23.500000 34.330000 -23.500000 34.330000 0.0 0 
2.967061
 1 155 155 p_village_63 Albret_Village 2114575 0 0 3 0 0 0 0 0 -31.650000 -81.420000 -31.650000 -81.420000 -31.650000 -81.420000 0.0 0 
2.967061
 1 156 156 p_village_64 Bretigny 2114575 0 0 3 0 0 0 0 0 6.680000 27.710000 6.680000 27.710000 6.680000 27.710000 0.0 0 
1.745330
 1 157 157 p_village_65 Thouars_Village 2114575 0 0 3 0 0 0 0 0 -30.250000 -2.140000 -30.250000 -2.140000 -30.250000 -2.140000 0.0 0 
1.745330
 1 158 158 p_village_66 Peronne_Village 2114584 0 0 3 0 0 0 0 0 35.360000 77.180000 35.360000 77.180000 35.360000 77.180000 0.0 0 
1.745330
 1 159 159 p_village_67 Agincourt 2114584 0 0 3 0 0 0 0 0 21.210000 78.150000 21.210000 78.150000 21.210000 78.150000 0.0 0 
1.745330
 1 160 160 p_village_68 Ghent 2114584 0 0 3 0 0 0 0 0 40.770000 87.690000 40.770000 87.690000 40.770000 87.690000 0.0 0 
1.745330
 1 161 161 p_village_69 Vannes 2114575 0 0 3 0 0 0 0 0 -59.500000 19.660000 -59.500000 19.660000 -59.500000 19.660000 0.0 0 
1.745330
 1 162 162 p_village_70 Guines 2114584 0 0 3 0 0 0 0 0 16.970000 92.480000 16.970000 92.480000 16.970000 92.480000 0.0 0 
1.745330
 1 163 163 p_village_71 Lunoges 2114575 0 0 3 0 0 0 0 0 7.390000 -31.450000 7.390000 -31.450000 7.390000 -31.450000 0.0 0 
0.349066
 1 164 164 p_village_72 Elaye 2114575 0 0 3 0 0 0 0 0 -31.170000 -59.490000 -31.170000 -59.490000 -31.170000 -59.490000 0.0 0 
1.047198
 1 165 165 p_village_73 Maupertuis 2114575 0 0 3 0 0 0 0 0 -13.860000 -20.780000 -13.860000 -20.780000 -13.860000 -20.780000 0.0 0 
0.959932
 1 166 166 p_village_74 Hesdin 2114584 0 0 3 0 0 0 0 0 18.840000 86.080000 18.840000 86.080000 18.840000 86.080000 0.0 0 
0.261800
 1 167 167 p_village_75 Autun 2114575 0 0 3 0 0 0 0 0 66.540000 -12.000000 66.540000 -12.000000 66.540000 -12.000000 0.0 0 
0.174533
 1 168 168 p_village_76 Arras 2114584 0 0 3 0 0 0 0 0 25.220000 85.880000 25.220000 85.880000 25.220000 85.880000 0.0 0 
0.610866
 1 169 169 p_village_77 Monterean_Village 2114575 0 0 3 0 0 0 0 0 47.750000 27.770000 47.750000 27.770000 47.750000 27.770000 0.0 0 
2.792528
 1 170 170 p_village_78 Montargis_Village 2114575 0 0 3 0 0 0 0 0 31.120000 27.000000 31.120000 27.000000 31.120000 27.000000 0.0 0 
3.141594
 1 171 171 p_village_79 Evreux 2114584 0 0 3 0 0 0 0 0 2.660000 53.660000 2.660000 53.660000 2.660000 53.660000 0.0 0 
0.000000
 1 172 172 p_village_80 Albi 2114575 0 0 3 0 0 0 0 0 2.660000 -79.840000 2.660000 -79.840000 2.660000 -79.840000 0.0 0 
0.698132
 1 173 173 p_village_81 La_Teste_de_Buch 2114575 0 0 3 0 0 0 0 0 -44.560000 -74.370000 -44.560000 -74.370000 -44.560000 -74.370000 0.0 0 
0.349066
 1 174 174 p_village_82 Beauvoir 2114575 0 0 3 0 0 0 0 0 -44.500000 41.730000 -44.500000 41.730000 -44.500000 41.730000 0.0 0 
1.745330
 1 175 175 p_village_83 Le_Puy_Village 2114575 0 0 3 0 0 0 0 0 32.820000 -43.090000 32.820000 -43.090000 32.820000 -43.090000 0.0 0 
0.959932
 1 176 176 p_village_84 Rodez_Village 2114575 0 0 3 0 0 0 0 0 13.490000 -71.670000 13.490000 -71.670000 13.490000 -71.670000 0.0 0 
0.261800
 1 177 177 p_village_85 Boves 2114584 0 0 3 0 0 0 0 0 25.460000 69.470000 25.460000 69.470000 25.460000 69.470000 0.0 0 
0.174533
 1 178 178 p_village_86 Gien 2114575 0 0 3 0 0 0 0 0 31.890000 11.550000 31.890000 11.550000 31.890000 11.550000 0.0 0 
0.610866
 1 179 179 p_village_87 Formigny 2114584 0 0 3 0 0 0 0 0 -37.110000 67.320000 -37.110000 67.320000 -37.110000 67.320000 0.0 0 
2.792528
 1 180 180 p_village_88 Neufchateau_Village 2114575 0 0 3 0 0 0 0 0 77.470000 27.970000 77.470000 27.970000 77.470000 27.970000 0.0 0 
3.141594
 1 181 181 p_village_89 Cosne 2114575 0 0 3 0 0 0 0 0 38.050000 5.180000 38.050000 5.180000 38.050000 5.180000 0.0 0 
0.000000
 1 182 182 p_village_90 Vaucouleurs 2114575 0 0 3 0 0 0 0 0 76.150000 39.800000 76.150000 39.800000 76.150000 39.800000 0.0 0 
0.698132
 1 183 183 p_village_91 Brest 2114575 0 0 3 0 0 0 0 0 -90.790000 39.500000 -90.790000 39.500000 -90.790000 39.500000 0.0 0 
0.349066
 1 184 184 p_village_92 St_Brieut 2114575 0 0 3 0 0 0 0 0 -67.440000 48.130000 -67.440000 48.130000 -67.440000 48.130000 0.0 0 
1.047198
 1 185 185 p_village_93 Troyes 2114575 0 0 3 0 0 0 0 0 45.250000 16.240000 45.250000 16.240000 45.250000 16.240000 0.0 0 
0.959932
 1 186 186 p_village_94 Lunery 2114575 0 0 3 0 0 0 0 0 16.840000 -1.200000 16.840000 -1.200000 16.840000 -1.200000 0.0 0 
0.261800
 1 187 187 p_salt_mine Salt_Mine 2114831 0 0 3 0 0 0 0 0 14.200000 -31.000000 14.200000 -31.000000 14.200000 -31.000000 0.0 0 
0.000000
 1 188 188 p_four_ways_inn Four_Ways_Inn 2114831 0 0 3 0 0 0 0 0 4.800000 -39.600000 4.800000 -39.600000 4.800000 -39.600000 0.0 0 
0.000000
 1 189 189 p_test_scene test_scene 2114831 0 0 3 0 0 0 0 0 10.800000 -19.600000 10.800000 -19.600000 10.800000 -19.600000 0.0 0 
0.000000
 1 190 190 p_battlefields battlefields 2114831 0 0 3 0 0 0 0 0 10.800000 -16.600000 10.800000 -16.600000 10.800000 -16.600000 0.0 0 
0.000000
 1 191 191 p_dhorak_keep Dhorak_Keep 2639116 0 0 3 0 0 0 0 0 -50.000000 -58.000000 -50.000000 -58.000000 -50.000000 -58.000000 0.0 0 
0.000000
 1 192 192 p_training_ground Training_Ground 2114855 0 0 3 0 0 0 0 0 3.000000 -7.000000 3.000000 -7.000000 3.000000 -7.000000 0.0 0 
0.000000
 1 193 193 p_training_ground_1 Training_Field 21543 0 0 3 0 0 0 0 0 44.100000 61.100000 44.100000 61.100000 44.100000 61.100000 0.0 0 
1.745330
 1 194 194 p_training_ground_2 Training_Field 21543 0 0 3 0 0 0 0 0 -63.220000 35.990000 -63.220000 35.990000 -63.220000 35.990000 0.0 0 
1.745330
 1 195 195 p_training_ground_3 Training_Field 21543 0 0 3 0 0 0 0 0 44.230000 14.270000 44.230000 14.270000 44.230000 14.270000 0.0 0 
1.745330
 1 196 196 p_training_ground_4 Training_Field 21543 0 0 3 0 0 0 0 0 11.320000 -83.550000 11.320000 -83.550000 11.320000 -83.550000 0.0 0 
1.745330
 1 197 197 p_training_ground_5 Training_Field 21543 0 0 3 0 0 0 0 0 -33.790000 -25.350000 -33.790000 -25.350000 -33.790000 -25.350000 0.0 0 
1.745330
 1 198 198 p_Bridge_1 1 541736 0 0 3 0 0 0 0 0 75.510000 -66.010000 75.510000 -66.010000 75.510000 -66.010000 0.0 0 
1.570797
 1 199 199 p_Bridge_2 2 541736 0 0 3 0 0 0 0 0 52.840000 27.530000 52.840000 27.530000 52.840000 27.530000 0.0 0 
-1.221731
 1 200 200 p_Bridge_3 3 541736 0 0 3 0 0 0 0 0 -24.410000 -64.880000 -24.410000 -64.880000 -24.410000 -64.880000 0.0 0 
-0.139626
 1 201 201 p_Bridge_4 4 541736 0 0 3 0 0 0 0 0 -21.000000 0.480000 -21.000000 0.480000 -21.000000 0.480000 0.0 0 
2.827435
 1 202 202 p_Bridge_5 5 541736 0 0 3 0 0 0 0 0 -27.310000 -70.250000 -27.310000 -70.250000 -27.310000 -70.250000 0.0 0 
1.884956
 1 203 203 p_Bridge_6 6 541736 0 0 3 0 0 0 0 0 73.930000 -83.030000 73.930000 -83.030000 73.930000 -83.030000 0.0 0 
1.082105
 1 204 204 p_Bridge_7 7 541736 0 0 3 0 0 0 0 0 -48.910000 7.510000 -48.910000 7.510000 -48.910000 7.510000 0.0 0 
-0.034907
 1 205 205 p_Bridge_8 8 541738 0 0 3 0 0 0 0 0 -0.140000 60.250000 -0.140000 60.250000 -0.140000 60.250000 0.0 0 
0.122173
 1 206 206 p_Bridge_9 9 541736 0 0 3 0 0 0 0 0 27.140000 41.300000 27.140000 41.300000 27.140000 41.300000 0.0 0 
0.000000
 1 207 207 p_Bridge_10 10 541736 0 0 3 0 0 0 0 0 19.080000 18.490000 19.080000 18.490000 19.080000 18.490000 0.0 0 
-0.226893
 1 208 208 p_Bridge_11 11 541736 0 0 3 0 0 0 0 0 -7.180000 2.780000 -7.180000 2.780000 -7.180000 2.780000 0.0 0 
0.261800
 1 209 209 p_Bridge_12 12 541711 0 0 3 0 0 0 0 0 -100.600000 -134.100000 -100.600000 -134.100000 -100.600000 -134.100000 0.0 0 
2.356196
 1 210 210 p_Bridge_13 13 541711 0 0 3 0 0 0 0 0 -106.120000 -131.160000 -106.120000 -131.160000 -106.120000 -131.160000 0.0 0 
1.570797
 1 211 211 p_Bridge_14 14 541736 0 0 3 0 0 0 0 0 46.460000 -5.140000 46.460000 -5.140000 46.460000 -5.140000 0.0 0 
2.146756
 1 212 212 p_Bridge_15 15 541736 0 0 3 0 0 0 0 0 -9.680000 -6.100000 -9.680000 -6.100000 -9.680000 -6.100000 0.0 0 
-1.186824
 1 213 213 p_camp_anglais Camp_Anglois 2114843 0 0 3 0 0 0 0 0 34.760000 -47.580000 34.760000 -47.580000 34.760000 -47.580000 0.0 0 
1.745330
 1 214 214 p_toul_village Village_de_Toul 2114831 0 0 3 0 0 0 0 0 80.760000 38.580000 80.760000 38.580000 80.760000 38.580000 0.0 0 
1.745330
 1 215 215 p_camp_ofrebels Camp_des_Rebels 2114843 0 0 20 0 0 0 0 0 71.500000 55.600000 71.500000 55.600000 71.500000 55.600000 0.0 0 
1.745330
 1 216 216 p_place_forte_b Place_forte_Bourgignone 2114846 0 0 3 0 0 0 0 0 56.690000 -20.780000 56.690000 -20.780000 56.690000 -20.780000 0.0 0 
1.745330
 1 217 217 p_tour_despins Tour_des_pins 2114574 0 0 20 0 0 0 0 0 38.850000 -83.500000 38.850000 -83.500000 38.850000 -83.500000 0.0 0 
1.745330
 1 218 218 p_fermemat Ferme_de_Mathieu 2114831 0 0 3 0 0 0 0 0 -53.600000 29.360000 -53.600000 29.360000 -53.600000 29.360000 0.0 0 
1.745330
 1 219 219 p_chasse_camp Camp_de_chasse 2114843 0 0 3 0 0 0 0 0 44.120000 52.220000 44.120000 52.220000 44.120000 52.220000 0.0 0 
1.745330
 1 220 220 p_fierbois Sainte_Catherine_de_Fierbois 2098447 0 0 3 0 0 0 0 0 -4.870000 -3.320000 -4.870000 -3.320000 -4.870000 -3.320000 0.0 0 
4.537858
 1 221 221 p_rouen_foret Foret_de_Rouen 2098623 0 0 3 0 0 0 0 0 0.490000 67.870000 0.490000 67.870000 0.490000 67.870000 0.0 0 
4.537858
 1 222 222 p_quest_forest1 Foret_de_Levet 2114833 0 0 3 0 0 0 0 0 25.630000 -5.140000 25.630000 -5.140000 25.630000 -5.140000 0.0 0 
1.745330
 1 223 223 p_quest_forest2 Foret_d'Aurillac 2114833 0 0 3 0 0 0 0 0 7.980000 -44.660000 7.980000 -44.660000 7.980000 -44.660000 0.0 0 
1.745330
 1 224 224 p_quest_forest3 Foret_de_Narbonne 2114833 0 0 3 0 0 0 0 0 25.510000 -95.430000 25.510000 -95.430000 25.510000 -95.430000 0.0 0 
1.745330
 1 225 225 p_quest_forest4 Foret_de_Rodez 2114833 0 0 3 0 0 0 0 0 14.490000 -68.670000 14.490000 -68.670000 14.490000 -68.670000 0.0 0 
1.745330
 1 226 226 p_quest_forest5 Foret_de_Arles 2114833 0 0 3 0 0 0 0 0 68.200000 -81.390000 68.200000 -81.390000 68.200000 -81.390000 0.0 0 
1.745330
 1 227 227 p_quest_forest6 Foret_du_Puy 2114833 0 0 3 0 0 0 0 0 30.820000 -45.090000 30.820000 -45.090000 30.820000 -45.090000 0.0 0 
1.745330
 1 228 228 p_quest_forest7 Foret_de_Vierzon 2114833 0 0 3 0 0 0 0 0 21.880000 5.310000 21.880000 5.310000 21.880000 5.310000 0.0 0 
1.745330
 1 229 229 p_quest_forest8 Foret_de_Beaune 2114833 0 0 3 0 0 0 0 0 73.890000 -9.590000 73.890000 -9.590000 73.890000 -9.590000 0.0 0 
1.745330
 1 230 230 p_quest_forest9 Foret_de_Montargis 2114833 0 0 3 0 0 0 0 0 33.120000 27.000000 33.120000 27.000000 33.120000 27.000000 0.0 0 
1.745330
 1 231 231 p_quest_forest10 Foret_d'Evreux 2114832 0 0 3 0 0 0 0 0 -1.660000 53.660000 -1.660000 53.660000 -1.660000 53.660000 0.0 0 
1.745330
 1 232 232 p_quest_forest11 Foret_de_Guines 2114832 0 0 3 0 0 0 0 0 19.970000 92.480000 19.970000 92.480000 19.970000 92.480000 0.0 0 
1.745330
 1 233 233 p_quest_forest12 Foret_de_Bayeux 2114832 0 0 3 0 0 0 0 0 -35.220000 63.300000 -35.220000 63.300000 -35.220000 63.300000 0.0 0 
1.745330
 1 234 234 p_auberge_1 Auberge 2118676 0 0 3 0 0 0 0 0 15.390000 44.080000 15.390000 44.080000 15.390000 44.080000 0.0 0 
0.261800
 1 235 235 p_auberge_2 Auberge 2118676 0 0 3 0 0 0 0 0 15.890000 4.180000 15.890000 4.180000 15.890000 4.180000 0.0 0 
-0.174533
 1 236 236 p_auberge_3 Auberge 2118678 0 0 3 0 0 0 0 0 10.890000 72.180000 10.890000 72.180000 10.890000 72.180000 0.0 0 
-0.698132
 1 237 237 p_auberge_4 Auberge 2118676 0 0 3 0 0 0 0 0 19.190000 -62.180000 19.190000 -62.180000 19.190000 -62.180000 0.0 0 
0.000000
 1 238 238 p_prairie_bourges Prairies_de_Bourges 2114833 0 0 3 0 0 0 0 0 26.630000 -4.400000 26.630000 -4.400000 26.630000 -4.400000 0.0 0 
1.745330
 1 239 239 p_foret_lorges Foret_de_Lorges 2114583 0 0 3 0 0 0 0 0 -51.200000 42.460000 -51.200000 42.460000 -51.200000 42.460000 0.0 0 
1.745330
 1 240 240 p_camp_crane_fer Camp_de_la_Compagnie_des_Cranes_de_Fer 2114581 0 0 16 0 0 0 0 0 -47.200000 20.860000 -47.200000 20.860000 -47.200000 20.860000 0.0 0 
1.745330
 1 241 241 p_quintin Citadelle_de_Quintin 2114849 0 0 3 0 0 0 0 0 -87.790000 44.900000 -87.790000 44.900000 -87.790000 44.900000 0.0 0 
1.745330
 1 242 242 p_looter_spawn_point looter_sp 1280 0 0 2 0 0 0 0 0 -73.520000 41.760000 -73.520000 41.760000 -73.520000 41.760000 0.0 1 165 15 0 0 
0.000000
 1 243 243 p_steppe_bandit_spawn_point steppe_bandit_sp 1280 0 0 2 0 0 0 0 0 3.970000 -47.610000 3.970000 -47.610000 3.970000 -47.610000 0.0 1 165 15 0 0 
0.000000
 1 244 244 p_taiga_bandit_spawn_point the_tundra 1280 0 0 2 0 0 0 0 0 78.000000 84.000000 78.000000 84.000000 78.000000 84.000000 0.0 1 165 15 0 0 
0.000000
 1 245 245 p_forest_bandit_spawn_point forest_bandit_sp 1280 0 0 2 0 0 0 0 0 29.500000 -76.610000 29.500000 -76.610000 29.500000 -76.610000 0.0 1 165 15 0 0 
0.000000
 1 246 246 p_mountain_bandit_spawn_point mountain_bandit_sp 1280 0 0 2 0 0 0 0 0 37.220000 19.480000 37.220000 19.480000 37.220000 19.480000 0.0 1 165 15 0 0 
0.000000
 1 247 247 p_sea_raider_spawn_point_1 sea_raider_sp 1280 0 0 2 0 0 0 0 0 -45.330000 62.190000 -45.330000 62.190000 -45.330000 62.190000 0.0 1 165 15 0 0 
0.000000
 1 248 248 p_sea_raider_spawn_point_2 sea_raider_sp 1280 0 0 2 0 0 0 0 0 -41.000000 -39.760000 -41.000000 -39.760000 -41.000000 -39.760000 0.0 1 165 15 0 0 
0.000000
 1 249 249 p_black_khergit_spawn_point_1 black_khergit_sp 1280 0 0 20 0 0 0 0 0 27.270000 -24.930000 27.270000 -24.930000 27.270000 -24.930000 0.0 1 165 15 0 0 
0.000000
 1 250 250 p_black_khergit_spawn_point_2 black_khergit_sp2 1280 0 0 20 0 0 0 0 0 83.750000 43.790000 83.750000 43.790000 83.750000 43.790000 0.0 1 165 15 0 0 
0.000000
 1 251 251 p_spawn_points_end {!}last_spawn_point 1280 0 0 1 0 0 0 0 0 0.000000 0.000000 0.000000 0.000000 0.000000 0.000000 0.0 1 165 15 0 0 
0.000000
 1 252 252 p_sang_lys_spawn_point_1 sang_lys_spawn_point_1 1280 0 0 13 0 0 0 0 0 28.830000 -0.600000 28.830000 -0.600000 28.830000 -0.600000 0.0 1 165 15 0 0 
0.000000
 1 253 253 p_cranede_fer_spawn_point_1 cranede_fer_spawn_point_1 1280 0 0 16 0 0 0 0 0 -51.200000 27.860000 -51.200000 27.860000 -51.200000 27.860000 0.0 1 165 15 0 0 
0.000000
 1 254 254 p_reserved_3 {!}last_spawn_point 1280 0 0 1 0 0 0 0 0 0.000000 0.000000 0.000000 0.000000 0.000000 0.000000 0.0 1 165 15 0 0 
0.000000
 1 255 255 p_reserved_4 {!}last_spawn_point 1280 0 0 1 0 0 0 0 0 0.000000 0.000000 0.000000 0.000000 0.000000 0.000000 0.0 1 165 15 0 0 
0.000000
 1 256 256 p_reserved_5 {!}last_spawn_point 1280 0 0 1 0 0 0 0 0 0.000000 0.000000 0.000000 0.000000 0.000000 0.000000 0.0 1 165 15 0 0 
0.000000
