6
2
6
4
3
2
2
2
6
6
7
6
5
6
11
11
3
17
4
10
2754
18
346
121
25
68
96
7
2
19
35
6
6
2
3
2
3
2
2
2
8
31
112
6
2
7
21
12
2
3
11
11
10
10
9
5
9
11
7
8
34
2
4
7
2
6
2
7
2
8
49
52
2
2
2
2
2
2
4
7
2
8
3
2
2
2
3
2
8
2
2
2
5
3
2
3
2
2
3
2
2
5
2
3
2
2
173
2
6
3
3
3
2
2
3
4
2
2
2
2
2
3
3
3
2
2
2
2
6
2
2
2
2
2
2
3
2
2
2
2
2
2
2
2
2
2
2
3
2
2
2
2
2
2
2
2
3
3
2
4
2
2
2
2
2
2
2
2
3
3
3
3
3
3
4
4
4
4
4
4
4
4
4
4
4
4
4
4
4
4
4
4
4
4
3
3
6
2
3
2
2
3
31
3
3
3
3
4
12
4
2
20
19
2
5
2
2
13
5
6
6
7
94
7
6
5
5
2
2
4
15
25
6
2
2
3
6
2
10
2
2
2
2
2
2
2
3
3
2
2
2
2
2
9
6
2
2
2
2
2
5
2
5
4
17
9
4
11
3
6
17
2
4
3
4
4
4
2
2
9
2
3
5
15
4
8
34
2
10
2
2
6
4
2
2
3
4
13
18
2
5
3
5
2
161
3
3
17
18
11
11
11
6
4
2
19
3
2
4
4
18
4
2
6
5
5
5
9
4
9
3
3
10
14
7
228
2
5
2
4
18
9
6
4
4
4
3
2
2
3
2
2
2
2
16
4
2
5
2
6
4
4
4
4
4
25
2
2
4
2
6
3
3
2
6
2
3
3
4
4
4
25
17
4
2
2
2
3
3
3
3
4
25
3
3
2
2
5
2
2
5
3
3
2
4
2
4
2
2
3
2
2
9
11
3
2
2
2
2
41
3
5
3
2
3
7
671
21
4
305
2
2
37
5
31
11
6
8
6
4
2
2
4
18
6
3
19
15
2
2
4
2
16
21
7
12
10
4
3
62
38
6
9
9
18
32
5
2
7
7
4
2
3
2
2
2
9
2
2
2
3
4
3
2
3
6
7
7
12
22
3
13
3
3
4
2
12
4
2
12
2
2
5
6
4
3
3
2
3
2
7
2
2
3
9
5
2
3
9
11
3
3
2
2
2
2
2
2
17
5
5
5
5
5
5
5
3
9
8
8
62
62
62
62
62
62
62
62
17
3
2
11
10
7
2
2
2
6
5
731
2
2
12
2
2
3
13
3
14
21
5
39
4
501
3
2
2
2
5
2
38
3
4
3
4
2
2
11
3
3
3
3
28
22
12
2
21
10
2
10
10
10
10
10
10
52
397
2
2
2
2
123
5
16
4
4
10
7
10
4
48
6
7
27
15
27
11
3
3
10
4
9
11
4
7
2
13
6
6
3
3
2
2
3
6
18
17
5
10
12
5
2
3
8
2
2
2
2
2
2
6
3
2
13
2
2
2
2
2
2
2
2
2
6
2
25
3
3
3
3
3
2
2
14
2
2
2
2
2
2
2
2
9
2
2
2
2
2
2
2
11
291
9
3
17
9
2
2
21
2
2
3
3
2
2
2
9
13
38
36
9
5
32
10
7
12
3
2
2
2
10
4
13
3
14
11
6
8
2
4
7
7
3
2
3
3
2
2
8
6
7
2
3
6
3
2
2
4
4
3
4
4
3
4
3
6
2
4
2
2
2
3
2
3
2
3
2
2
34
9
9
2
2
3
3
3
3
3
2
9
4
3
3
3
8
8
8
8
8
8
8
8
8
7
7
7
2
2
2
2
2
2
2
2
2
3
4
3
5
6
10
7
8
3
9
9
29
29
28
29
29
28
7
7
7
7
7
7
12
5
12
5
12
5
12
5
12
5
12
5
7
6
7
3
7
3
3
3
8
6
9
10
12
9
4
4
4
4
4
4
6
6
5
5
4
4
4
4
4
4
4
9
7
10
4
4
4
11
4
4
4
4
4
4
4
4
4
4
4
4
4
12
4
4
4
4
4
34
7
7
2
3
4
4
7
3
7
3
4
3
2
2
4
15
7
7
7
7
7
7
7
7
7
4
4
8
2
2
2
2
4
3
3
3
3
3
3
3
3
3
6
5
5
2
2
2
2
2
40
24
7
4
2
5
2
2
5
5
19
13
14
8
6
5
2
4
3
4
4
4
5
5
7
5
5
5
4
4
5
4
4
4
2
15
4
4
4
4
4
4
2
3
4
4
3
3
5
2
4
3
3
4
4
3
3
2
4
4
2
2
5
3
4
4
4
4
3
3
3
3
3
3
3
4
4
3
3
3
3
3
3
4
4
3
3
3
3
4
4
3
3
3
3
4
4
3
3
3
3
4
4
3
3
16
3
5
4
4
2
3
3
2
9
9
9
9
9
9
9
9
9
37
37
37
37
37
37
37
37
37
31
31
31
31
31
31
31
31
31
3
25
8
7
7
7
25
8
7
7
7
25
8
7
7
7
25
8
7
7
7
25
8
7
7
7
25
8
7
7
7
25
8
7
7
7
25
8
7
7
7
25
8
7
7
7
21
16
16
16
9
9
9
9
6
6
6
6
6
6
6
6
6
6
6
6
6
6
6
6
6
6
6
11
10
11
10
11
6
6
6
6
6
7
5
3
3
3
3
7
7
7
6
4
4
3
3
4
3
7
3
2
6
2
3
4
4
4
4
3
11
4
4
5
2
2
2
2
2
2
3
2
3
13
2
2
2
3
13
1
9
37
2
34
15
22
22
4
4
11
8
15
15
27
27
19
9
7
7
7
7
7
6
23
10
9
5
5
7
13
12
12
2
2
20
158
31
5
12
3
10
2
2
12
12
8
8
19
2
36
33
9
3
3
2
9
10
11
10
28
18
6
4
9
3
2
2
2
2
2
2
3
5
2
4
2
4
7
2
2
12
2
2
3
9
23
3
2
3
3
4
4
5
2
4
4
7
3
3
3
16
13
4
4
5
4
2
6
6
5
2
3
7
2
5
3
3
10
2
3
3
2
3
2
2
2
2
5
5
8
7
2
3
3
3
4
28
3
5
2
3
2
3
2
2
2
2
30
2
5
3
11
45
5
9
9
9
44
39
38
35
34
31
30
27
17
14
13
10
9
6
5
17
2
2
2
2
3
4
4
2
2
3
2
2
2
79
27
2
2
2
2
2
2
2
3
2
2
2
10
12
12
9
3
3
3
3
2
