simple_triggers_file version 1
136
-6.000000  0 
-5.000000  0 
1.000000  16 4 0 31 2 144115188075857285 0 2133 2 144115188075857285 1 2124 1 100 729 2 0 7050 730 2 0 7200 1626 2 648518346341351619 0 3 0 32 2 144115188075856374 0 32 2 144115188075856363 0 30 2 144115188075856371 1 2270 1 1224979098644774912 31 2 144115188075856370 0 30 2 1224979098644774912 144115188075856375 2147485921 0 1030 3 0 0 0 
0.000000  25 4 0 31 2 144115188075857286 0 1230 1 648518346341351613 501 3 648518346341351447 27 0 1096 2 432345564227567627 0 1096 2 432345564227567616 0 4 0 2147483848 1 504403158265495584 1615 3 648518346341351424 360287970189639856 1 3 0 6 3 1224979098644774912 360287970189639935 360287970189640070 4 0 540 3 1224979098644774912 2 0 2173 2 1224979098644774913 1224979098644774912 33 3 1224979098644774913 432345564227567629 432345564227567633 500 3 1224979098644774912 2 2 3 0 3 0 1 1 936748722493063217 2133 2 144115188075857286 1 3 0 31 2 144115188075856441 1 32 2 144115188075856155 0 132 1 144115188075856155 1623 3 648518346341351424 144115188075856155 0 
0.000000  42 4 0 32 2 144115188075856391 0 1680 2 1224979098644774912 144115188075856391 32 2 1224979098644774912 0 2204 2 1224979098644774913 144115188075856391 2190 3 1224979098644774914 1224979098644774913 432345564227567628 2204 2 1224979098644774915 1224979098644774912 2190 3 1224979098644774916 1224979098644774915 432345564227567628 30 2 1224979098644774914 0 2147483678 2 1224979098644774916 0 1300 1 144115188075856391 1030 3 0 0 0 5 0 2270 1 1224979098644774917 2133 2 1224979098644774918 0 4 0 2147483679 2 144115188075857233 0 30 2 1224979098644774917 144115188075857233 2133 2 1224979098644774918 1 2133 2 144115188075857233 0 3 0 1073741855 2 1224979098644774918 1 37 0 4 0 30 2 144115188075856154 1 2060 1 144115188075856154 2133 2 144115188075856154 -1 5 0 30 2 144115188075856184 1 1300 1 144115188075856184 5 0 30 2 144115188075856374 1 1300 1 144115188075856374 5 0 30 2 144115188075856323 1 2133 2 144115188075856323 0 2133 2 144115188075856324 0 2133 2 144115188075856322 0 1030 3 0 0 0 1106 1 1585267068834414592 3 0 3 0 
0.000000  19 560 3 360287970189640588 0 1 520 3 1224979098644774912 360287970189640588 0 520 3 144115188075857287 360287970189640589 0 520 3 144115188075857288 360287970189640590 0 2060 1 1224979098644774912 2133 2 1224979098644774913 2 6 3 1224979098644774914 1 1224979098644774913 4 0 560 3 360287970189640588 1224979098644774914 1 2105 2 1224979098644774913 1 3 0 2121 3 1224979098644774915 1224979098644774914 1 520 3 1224979098644774916 360287970189640588 1224979098644774914 500 3 360287970189640588 1224979098644774915 1224979098644774916 520 3 1224979098644774916 360287970189640589 1224979098644774914 500 3 360287970189640589 1224979098644774915 1224979098644774916 520 3 1224979098644774916 360287970189640590 1224979098644774914 500 3 360287970189640590 1224979098644774915 1224979098644774916 3 0 
1.000000  2 37 0 1 2 936748722493063659 65536 
0.000000  19 4 0 31 2 144115188075855872 1 132 1 144115188075856205 2281 3 1224979098644774912 144115188075856204 144115188075856205 2147483678 2 1224979098644774912 2 2281 3 1224979098644774913 648518346341351424 144115188075856205 2147483678 2 1224979098644774913 5 2133 2 144115188075856207 2 2133 2 144115188075856431 144115188075856205 1652 3 1224979098644774914 144115188075856205 0 1655 3 1224979098644774915 144115188075856205 0 1025 2 1224979098644774914 1224979098644774915 3 0 4 0 32 2 144115188075856106 1 6 3 1224979098644774916 360287970189639915 360287970189640195 500 3 1224979098644774916 149 0 3 0 3 0 
24.000000  9 6 3 1224979098644774912 432345564227567629 432345564227567633 522 3 1224979098644774913 1224979098644774912 99 2121 3 1224979098644774914 140 144115188075856142 2108 2 1224979098644774914 14 2111 2 1224979098644774914 1 2123 3 1224979098644774915 1224979098644774913 1224979098644774914 2106 2 1224979098644774913 1224979098644774915 502 3 1224979098644774912 99 1224979098644774913 3 0 
4.000000  6 6 3 1224979098644774912 360287970189640074 360287970189640195 2147484208 3 1224979098644774912 8 0 1 2 936748722493063683 1224979098644774912 2133 2 1224979098644774913 72057594037927937 500 3 1224979098644774912 12 1224979098644774913 3 0 
2.000000  19 31 2 144115188075856301 1 2133 2 1224979098644774912 0 11 1 1224979098644774913 32 2 1224979098644774913 648518346341351675 1652 3 1224979098644774914 1224979098644774913 0 33 3 1224979098644774914 360287970189639915 360287970189640074 520 3 1224979098644774915 1224979098644774914 10 2147483679 2 1224979098644774913 1224979098644774915 2133 2 72057594037927940 1224979098644774913 2133 2 72057594037927941 1224979098644774915 2322 2 3 1224979098644774914 1106 1 1585267068834414593 2320 2 65 216172782113786379 4 0 31 2 1224979098644774912 0 1 4 936748722493063461 864691128455135465 0 0 2133 2 1224979098644774912 1 3 0 3 0 
24.000000  28 4 0 2147483848 1 504403158265495592 2147484208 3 360287970189639680 8 1 2147484208 3 360287970189639680 30 360287970189639915 2133 2 1224979098644774912 -1 2133 2 1224979098644774913 120 6 3 1224979098644774914 360287970189640074 360287970189640195 560 3 1224979098644774914 5 2 2147484188 3 1224979098644774914 5 4 540 3 1224979098644774914 37 0 540 3 1224979098644774914 30 -1 520 3 1224979098644774915 1224979098644774914 12 33 3 1224979098644774915 648518346341351447 648518346341351517 1 3 936748722493063678 360287970189639680 1224979098644774914 32 2 72057594037927936 1 2270 1 1224979098644774916 520 3 1224979098644774917 1224979098644774914 4 2106 2 1224979098644774916 1224979098644774917 32 2 1224979098644774916 1224979098644774913 2133 2 1224979098644774913 1224979098644774916 2133 2 1224979098644774912 1224979098644774914 2133 2 1224979098644774918 1224979098644774915 3 0 4 0 32 2 1224979098644774912 0 1 4 936748722493063461 864691128455135462 1224979098644774912 1224979098644774918 3 0 3 0 
1.000000  22 30 2 144115188075856386 1 4 0 2147483679 2 144115188075856441 0 2133 2 144115188075856386 0 5 0 37 0 2133 2 144115188075856386 0 5 0 1073742365 3 144115188075856386 35 2 541 3 144115188075856386 35 4 1300 1 144115188075856386 1030 1 0 2133 2 144115188075856386 0 2133 2 144115188075856389 1 5 0 541 3 144115188075856386 35 1 1030 3 3 5 1 5 0 1030 3 0 0 0 2133 2 144115188075856386 0 2133 2 144115188075856389 0 3 0 
168.000000  7 2133 2 144115188075857289 0 2133 2 144115188075857290 15 2133 2 144115188075856305 1 4 0 31 2 144115188075856324 0 900 1 1513209474796486696 3 0 
24.000000  16 2147483680 2 144115188075856154 0 32 2 144115188075856445 0 2147483679 2 144115188075856445 432345564227567628 31 2 144115188075856158 0 520 3 1224979098644774912 360287970189639680 30 2133 2 1224979098644774913 0 4 0 33 3 1224979098644774912 360287970189639915 360287970189640074 2173 2 1224979098644774914 1224979098644774912 31 2 1224979098644774914 144115188075856445 2133 2 1224979098644774913 1 3 0 31 2 1224979098644774913 0 2272 1 1224979098644774915 32 2 1224979098644774915 144115188075856175 2060 1 864691128455135330 
180.000000  2 2106 2 144115188075857091 1 2111 2 144115188075857091 0 
72.000000  1 2133 2 144115188075856191 0 
4.000000  5 2133 2 144115188075856189 1 4 0 560 3 360287970189639680 30 360287970189639915 2133 2 144115188075856171 1 3 0 
24.000000  4 31 2 144115188075856171 1 540 3 360287970189639680 13 0 2147483680 2 144115188075856154 0 900 1 1513209474796486684 
24.000000  17 1 1 936748722493063450 2133 2 1224979098644774912 72057594037927936 1671 2 1224979098644774913 648518346341351424 2121 3 1224979098644774914 1224979098644774912 1224979098644774913 2123 3 1224979098644774915 1224979098644774914 5 2122 3 1224979098644774916 1224979098644774915 5 4 0 2147483679 2 1224979098644774916 1224979098644774914 4 0 32 2 1224979098644774914 0 2105 2 1224979098644774915 1 5 0 2106 2 1224979098644774915 1 3 0 3 0 2105 2 1224979098644774913 1224979098644774915 1672 2 648518346341351424 1224979098644774913 
168.000000  12 6 3 1224979098644774912 648518346341351447 648518346341351611 1651 2 1224979098644774913 1224979098644774912 7 3 1224979098644774914 0 1224979098644774913 1656 3 1224979098644774915 1224979098644774912 1224979098644774914 2147485155 1 1224979098644774915 1657 3 1224979098644774916 1224979098644774912 1224979098644774914 2136 3 1224979098644774917 0 40 2107 2 1224979098644774916 1224979098644774917 2108 2 1224979098644774916 100 1616 3 1224979098644774912 1224979098644774915 1224979098644774916 3 0 3 0 
168.000000  25 6 3 1224979098644774912 360287970189639915 360287970189640074 520 3 1224979098644774913 1224979098644774912 21 2107 2 1224979098644774913 101 2108 2 1224979098644774913 100 500 3 1224979098644774912 21 1224979098644774913 1 2 936748722493063406 1224979098644774912 3 0 6 3 1224979098644774914 648518346341351447 648518346341351517 2147484189 3 1224979098644774914 7 360287970189639680 561 3 1224979098644774914 7 1 521 3 1224979098644774915 1224979098644774914 49 521 3 1224979098644774916 1224979098644774914 50 2122 3 1224979098644774917 1224979098644774916 15 2105 2 1224979098644774917 700 4 0 541 3 1224979098644774914 0 3 2107 2 1224979098644774917 3 2108 2 1224979098644774917 2 3 0 2105 2 1224979098644774915 1224979098644774917 1 2 936748722493063404 1224979098644774914 2106 2 1224979098644774915 72057594037927936 2111 2 1224979098644774915 0 501 3 1224979098644774914 49 1224979098644774915 3 0 
24.000000  105 6 3 1224979098644774912 360287970189639915 360287970189640074 540 3 1224979098644774912 2 2 520 3 1224979098644774913 1224979098644774912 10 30 2 1224979098644774913 1 132 1 1224979098644774913 1694 2 1224979098644774914 1224979098644774913 33 3 1224979098644774914 648518346341351447 648518346341351611 541 3 1224979098644774914 54 -1 2204 2 1224979098644774915 1224979098644774913 4 0 1073741855 2 1224979098644774915 432345564227567628 31 2 1224979098644774915 144115188075856445 2133 2 1224979098644774916 1 2136 3 1224979098644774917 0 2 2105 2 1224979098644774916 1224979098644774917 5 0 424 1 1224979098644774918 4 0 31 2 1224979098644774918 0 2133 2 1224979098644774916 2 5 0 31 2 1224979098644774918 1 2133 2 1224979098644774916 1 2136 3 1224979098644774917 0 2 2105 2 1224979098644774916 1224979098644774917 5 0 31 2 1224979098644774918 2 2133 2 1224979098644774916 1 3 0 3 0 4 0 542 3 1224979098644774915 8 1224979098644774912 2105 2 1224979098644774916 1 3 0 6 3 1224979098644774919 0 1224979098644774916 1 2 936748722493063408 1224979098644774912 3 0 3 0 6 3 1224979098644774920 648518346341351447 648518346341351517 2147484189 3 1224979098644774920 7 360287970189639680 561 3 1224979098644774920 7 1 541 3 1224979098644774920 54 -1 2204 2 1224979098644774921 1224979098644774920 4 0 1073741855 2 1224979098644774921 432345564227567628 31 2 1224979098644774921 144115188075856445 2133 2 1224979098644774922 450 5 0 424 1 1224979098644774918 2133 2 1224979098644774922 450 4 0 31 2 1224979098644774918 0 2133 2 1224979098644774922 300 2136 3 1224979098644774916 0 2 2105 2 1224979098644774916 1 5 0 31 2 1224979098644774918 1 2133 2 1224979098644774922 450 2133 2 1224979098644774916 1 5 0 31 2 1224979098644774918 2 2133 2 1224979098644774922 600 2136 3 1224979098644774916 0 2 3 0 3 0 6 3 1224979098644774919 0 1224979098644774916 521 3 1224979098644774923 1224979098644774920 49 2133 2 1224979098644774924 1224979098644774923 2108 2 1224979098644774924 2 32 2 1224979098644774924 1224979098644774922 1 2 936748722493063407 1224979098644774920 2106 2 1224979098644774923 1224979098644774922 501 3 1224979098644774920 49 1224979098644774923 3 0 3 0 6 3 1224979098644774920 648518346341351447 648518346341351611 2136 3 1224979098644774925 0 30 2147483680 2 1224979098644774925 10 1 2 936748722493063604 1224979098644774920 2133 2 1224979098644774926 72057594037927936 521 3 1224979098644774927 1224979098644774920 50 4 0 31 2 1224979098644774925 0 4 0 2136 3 1224979098644774925 0 2 4 0 31 2 1224979098644774925 0 2147483681 3 1224979098644774920 648518346341351469 648518346341351517 1 3 936748722493063603 1224979098644774920 -10 2105 2 144115188075857291 -10 5 0 1 3 936748722493063603 1224979098644774920 10 2105 2 144115188075857291 10 3 0 3 0 5 0 32 2 1224979098644774927 1224979098644774926 1 3 936748722493063603 1224979098644774920 -1 2105 2 144115188075857291 -1 5 0 2147483678 2 1224979098644774927 1224979098644774926 1 3 936748722493063603 1224979098644774920 1 2105 2 144115188075857291 1 3 0 3 0 
360.000000  0 
6.000000  20 2272 1 1224979098644774912 4 0 2147483679 2 1224979098644774912 144115188075857292 2133 2 144115188075857292 1224979098644774912 4 0 31 2 144115188075857293 1 2105 2 144115188075857071 1 3 0 2133 2 144115188075857293 1 3 0 2133 2 1224979098644774913 0 4 0 2147483685 0 30 2 144115188075856391 0 1073742365 3 144115188075856391 130 1 33 3 144115188075856391 648518346341351447 648518346341351517 2133 2 1224979098644774913 1 3 0 31 2 1224979098644774913 0 2133 2 144115188075857293 0 
24.000000  72 1 2 936748722493063459 1 4 0 2136 3 1224979098644774912 648518346341351517 648518346341351611 2136 3 1224979098644774913 648518346341351517 648518346341351611 2204 2 1224979098644774914 1224979098644774912 2204 2 1224979098644774915 1224979098644774913 2147483679 2 1224979098644774912 1224979098644774913 2147483679 2 1224979098644774914 1224979098644774915 1 3 936748722493063702 1224979098644774915 1224979098644774914 31 2 72057594037927936 0 4 0 541 3 1224979098644774912 61 1224979098644774915 1 4 936748722493063461 864691128455135441 1224979098644774912 -1 5 0 541 3 1224979098644774912 62 1224979098644774915 1 4 936748722493063461 864691128455135441 1224979098644774912 -1 5 0 2124 1 1 2281 3 1224979098644774916 1224979098644774912 1224979098644774913 2147483678 2 1224979098644774916 25 1 4 936748722493063461 864691128455135441 1224979098644774912 1224979098644774913 3 0 3 0 6 3 1224979098644774917 432345564227567628 432345564227567633 542 3 1224979098644774917 21 0 6 3 1224979098644774918 432345564227567628 432345564227567633 2147483679 2 1224979098644774917 1224979098644774918 542 3 1224979098644774918 21 0 2120 3 1224979098644774919 1224979098644774918 120 2106 2 1224979098644774919 432345564227567628 522 3 1224979098644774920 1224979098644774917 1224979098644774919 4 0 30 2 1224979098644774920 1 4 0 31 2 1224979098644774920 1 1 2 936748722493063571 1224979098644774917 2147483678 2 1224979098644774917 1224979098644774918 1 4 936748722493063461 864691128455135435 1224979098644774917 1224979098644774918 3 0 2106 2 1224979098644774920 1 502 3 1224979098644774917 1224979098644774919 1224979098644774920 3 0 2120 3 1224979098644774921 1224979098644774918 130 2106 2 1224979098644774921 432345564227567628 522 3 1224979098644774922 1224979098644774917 1224979098644774921 4 0 30 2 1224979098644774922 1 4 0 2190 3 1224979098644774923 1224979098644774917 1224979098644774918 2147483678 2 1224979098644774923 0 502 3 1224979098644774917 1224979098644774921 0 5 0 31 2 1224979098644774922 1 1 4 936748722493063461 864691128455135438 1224979098644774917 1224979098644774918 502 3 1224979098644774917 1224979098644774921 0 5 0 2106 2 1224979098644774922 1 502 3 1224979098644774917 1224979098644774921 1224979098644774922 3 0 3 0 4 0 2190 3 1224979098644774923 1224979098644774917 1224979098644774918 2147483678 2 1224979098644774923 0 2120 3 1224979098644774924 1224979098644774918 140 2106 2 1224979098644774924 432345564227567628 522 3 1224979098644774925 1224979098644774917 1224979098644774924 2105 2 1224979098644774925 1 502 3 1224979098644774917 1224979098644774924 1224979098644774925 3 0 3 0 1 2 936748722493063571 1224979098644774917 3 0 
48.000000  56 6 3 1224979098644774912 360287970189639915 360287970189640074 540 3 1224979098644774912 2 2 520 3 1224979098644774913 1224979098644774912 10 32 2 1224979098644774913 648518346341351611 132 1 1224979098644774913 2170 3 1224979098644774914 17 1224979098644774912 2105 2 1224979098644774914 5 2122 3 1224979098644774915 1224979098644774914 1000 2133 2 1224979098644774916 30 4 0 2173 2 1224979098644774917 1224979098644774912 2147483679 2 1224979098644774917 144115188075856445 424 1 1224979098644774918 4 0 31 2 1224979098644774918 0 2133 2 1224979098644774916 35 2107 2 1224979098644774915 3 2108 2 1224979098644774915 2 5 0 31 2 1224979098644774918 2 2133 2 1224979098644774916 25 2108 2 1224979098644774915 2 3 0 3 0 2136 3 1224979098644774919 0 100 2147483680 2 1224979098644774919 1224979098644774916 1673 2 1224979098644774913 1224979098644774915 3 0 6 3 1224979098644774920 648518346341351447 648518346341351517 521 3 1224979098644774921 1224979098644774920 7 2147483679 2 1224979098644774921 360287970189639680 2133 2 1224979098644774915 3000 2133 2 1224979098644774916 30 4 0 2133 2 1224979098644774922 -1 4 0 30 2 1224979098644774921 0 2173 2 1224979098644774922 1224979098644774921 3 0 2147483679 2 1224979098644774922 144115188075856445 424 1 1224979098644774918 4 0 31 2 1224979098644774918 0 2133 2 1224979098644774916 35 2107 2 1224979098644774915 3 2108 2 1224979098644774915 2 5 0 31 2 1224979098644774918 2 2133 2 1224979098644774916 25 2108 2 1224979098644774915 2 3 0 3 0 2136 3 1224979098644774919 0 100 2147483680 2 1224979098644774919 1224979098644774916 1673 2 1224979098644774920 1224979098644774915 3 0 
24.000000  1 1 1 936748722493063423 
2.000000  1 1 1 936748722493063422 
7.000000  5 1 1 936748722493063454 6 3 1224979098644774912 360287970189639915 360287970189640074 540 3 1224979098644774912 2 2 1 2 936748722493063456 1224979098644774912 3 0 
24.000000  0 
24.000000  19 6 3 1224979098644774912 360287970189639915 360287970189640074 520 3 1224979098644774913 1224979098644774912 51 2106 2 1224979098644774913 5 2111 2 1224979098644774913 0 500 3 1224979098644774912 51 1224979098644774913 3 0 2136 3 1224979098644774914 1 3 2110 2 1224979098644774914 2 6 3 1224979098644774915 360287970189639915 360287970189640074 520 3 1224979098644774916 1224979098644774915 150 30 2 1224979098644774916 1 2106 2 1224979098644774916 1224979098644774914 2111 2 1224979098644774916 0 500 3 1224979098644774915 150 1224979098644774916 3 0 520 3 1224979098644774916 360287970189639680 150 2106 2 1224979098644774916 1224979098644774914 2111 2 1224979098644774916 0 500 3 360287970189639680 150 1224979098644774916 
8.000000  2 1 1 936748722493063671 1 1 936748722493063671 
0.500000  180 2105 2 144115188075857093 1 4 0 2147483681 3 144115188075857093 360287970189639914 360287970189640074 2133 2 144115188075857093 360287970189639914 3 0 2133 2 1224979098644774912 144115188075857093 4 0 31 2 1224979098644774912 360287970189639914 2133 2 1224979098644774912 360287970189639680 3 0 4 0 31 2 144115188075856301 1 2322 2 9 1224979098644774912 1106 1 1585267068834414594 3 0 4 0 540 3 1224979098644774912 2 2 2147483679 2 1224979098644774912 360287970189639680 2133 2 1224979098644774913 -1 6 3 1224979098644774914 648518346341351447 648518346341351611 541 3 1224979098644774914 7 1224979098644774912 2133 2 1224979098644774913 1224979098644774914 3 0 4 0 31 2 1224979098644774913 -1 2173 2 1224979098644774915 1224979098644774912 522 3 1224979098644774916 1224979098644774915 11 520 3 1224979098644774917 1224979098644774912 52 4 0 2147483679 2 1224979098644774916 1224979098644774912 4 0 1073741855 2 1224979098644774917 2 1073741855 2 1224979098644774917 3 1073741855 2 1224979098644774917 4 31 2 1224979098644774917 5 1 4 936748722493063677 1224979098644774912 1224979098644774916 -4 2105 2 144115188075857294 -4 5 0 31 2 1224979098644774917 1 1 4 936748722493063677 1224979098644774912 1224979098644774916 -2 2105 2 144115188075857294 -2 3 0 3 0 3 0 3 0 4 0 1073742364 3 1224979098644774912 2 2 31 2 1224979098644774912 360287970189639680 4 0 31 2 1224979098644774912 360287970189639680 2133 2 1224979098644774918 144115188075856445 5 0 2173 2 1224979098644774918 1224979098644774912 3 0 522 3 1224979098644774916 1224979098644774918 11 2147483679 2 1224979098644774912 1224979098644774916 1 3 936748722493063678 1224979098644774912 1224979098644774916 2147483680 2 72057594037927936 -75 2147483679 2 1224979098644774912 360287970189639935 2147483679 2 1224979098644774912 360287970189639936 2147483679 2 1224979098644774912 360287970189639937 2147483679 2 1224979098644774912 360287970189639938 2147483679 2 1224979098644774912 360287970189639939 2147483679 2 1224979098644774912 360287970189639942 2147483679 2 1224979098644774912 360287970189639943 2147483679 2 1224979098644774912 360287970189639946 2147483679 2 1224979098644774912 360287970189639952 2147483679 2 1224979098644774912 360287970189639953 2147483679 2 1224979098644774912 360287970189639954 2147483679 2 1224979098644774912 360287970189639955 2147483679 2 1224979098644774912 360287970189639956 2147483679 2 1224979098644774912 360287970189639957 2147483679 2 1224979098644774912 360287970189639958 2147483679 2 1224979098644774912 360287970189639960 2147483679 2 1224979098644774912 360287970189639962 2147483679 2 1224979098644774912 360287970189639964 2147483679 2 1224979098644774912 360287970189639966 2147483679 2 1224979098644774912 360287970189639969 2147483679 2 1224979098644774912 360287970189639971 2147483679 2 1224979098644774912 360287970189639972 2147483679 2 1224979098644774912 360287970189639973 2147483679 2 1224979098644774912 360287970189639974 2147483679 2 1224979098644774912 360287970189639983 2147483679 2 1224979098644774912 360287970189639992 2147483679 2 1224979098644774912 360287970189639994 2147483679 2 1224979098644774912 360287970189639995 2147483679 2 1224979098644774912 360287970189639996 2147483679 2 1224979098644774912 360287970189639997 2147483679 2 1224979098644774912 360287970189639998 2147483679 2 1224979098644774912 360287970189639999 2147483679 2 1224979098644774912 360287970189640000 2147483679 2 1224979098644774912 360287970189640001 2147483679 2 1224979098644774912 360287970189640005 2147483679 2 1224979098644774912 360287970189640006 2147483679 2 1224979098644774912 360287970189640007 2147483679 2 1224979098644774912 360287970189640008 2147483679 2 1224979098644774912 360287970189640009 2147483679 2 1224979098644774912 360287970189640013 2147483679 2 1224979098644774912 360287970189640014 2147483679 2 1224979098644774912 360287970189640015 2147483679 2 1224979098644774912 360287970189640016 2147483679 2 1224979098644774912 360287970189640017 2147483679 2 1224979098644774912 360287970189640018 2147483679 2 1224979098644774912 360287970189640019 2147483679 2 1224979098644774912 360287970189640021 2147483679 2 1224979098644774912 360287970189640022 2147483679 2 1224979098644774912 360287970189640023 2147483679 2 1224979098644774912 360287970189640026 2147483679 2 1224979098644774912 360287970189640027 2147483679 2 1224979098644774912 360287970189640028 2147483679 2 1224979098644774912 360287970189640029 2147483679 2 1224979098644774912 360287970189640030 2147483679 2 1224979098644774912 360287970189640032 2147483679 2 1224979098644774912 360287970189640038 2147483679 2 1224979098644774912 360287970189640040 2147483679 2 1224979098644774912 360287970189640041 2147483679 2 1224979098644774912 360287970189640042 2147483679 2 1224979098644774912 360287970189640043 2147483679 2 1224979098644774912 360287970189640044 2147483679 2 1224979098644774912 360287970189640045 2147483679 2 1224979098644774912 360287970189640046 2147483679 2 1224979098644774912 360287970189640047 2147483679 2 1224979098644774912 360287970189640050 2147483679 2 1224979098644774912 360287970189640052 2147483679 2 1224979098644774912 360287970189640053 2147483679 2 1224979098644774912 360287970189639985 2147483679 2 1224979098644774912 360287970189640048 2147483679 2 1224979098644774912 360287970189640049 2147483679 2 1224979098644774912 360287970189640049 2147483679 2 1224979098644774912 360287970189640056 2147483679 2 1224979098644774912 360287970189640062 2147483679 2 1224979098644774912 360287970189640067 2147483679 2 1224979098644774912 360287970189640068 2147483679 2 1224979098644774912 360287970189640069 1 3 936748722493063676 1224979098644774912 0 2136 3 1224979098644774919 0 2 4 0 2147483679 2 1224979098644774919 0 2147483679 2 1224979098644774912 360287970189639680 1 2 936748722493063717 1224979098644774912 2133 2 1224979098644774920 72057594037927936 33 3 1224979098644774920 432345564227567628 432345564227567633 2341 2 1 1224979098644774912 2343 2 2 1224979098644774920 2343 2 3 1224979098644774918 1 3 936748722493063397 1224979098644774912 1224979098644774920 1506 2 72057594037927940 1224979098644774912 2320 2 4 216172782113786744 1105 1 1585267068834414595 4 0 31 2 144115188075856301 1 1073741855 2 1224979098644774920 144115188075856445 31 2 1224979098644774918 144115188075856445 1 4 936748722493063461 864691128455135439 1224979098644774912 1224979098644774918 3 0 5 0 2147483679 2 1224979098644774916 360287970189639680 1 3 936748722493063738 1224979098644774912 1224979098644774918 3 0 5 0 2147483679 2 1224979098644774912 360287970189639680 2173 2 1224979098644774918 1224979098644774912 562 3 1224979098644774918 64 1 2147484208 3 1224979098644774912 154 1 1073742364 3 1224979098644774912 154 -1 2147483679 2 144115188075856445 1224979098644774918 540 3 1224979098644774912 2 2 1 2 936748722493063721 1224979098644774912 500 3 1224979098644774912 154 72057594037927936 3 0 6 3 1224979098644774921 360287970189639915 360287970189640074 1 3 936748722493063678 1224979098644774912 1224979098644774921 2147483678 2 72057594037927936 0 2133 2 1224979098644774922 72057594037927936 2121 3 1224979098644774923 0 1224979098644774922 2136 3 1224979098644774924 0 300 2147483678 2 1224979098644774924 1224979098644774923 1 4 936748722493063677 1224979098644774912 1224979098644774921 1 2105 2 144115188075857295 1 3 0 
2.000000  0 
1.000000  3 1 1 936748722493063425 1 1 936748722493063426 1 1 936748722493063430 
3.000000  114 2270 1 1224979098644774912 6 3 1224979098644774913 648518346341351447 648518346341351517 521 3 1224979098644774914 1224979098644774913 54 32 2 1224979098644774914 0 132 1 1224979098644774914 2204 2 1224979098644774915 1224979098644774914 561 3 1224979098644774913 54 1 521 3 1224979098644774916 1224979098644774913 64 2121 3 1224979098644774916 1224979098644774912 1224979098644774916 2133 2 1224979098644774917 0 2133 2 1224979098644774918 0 2133 2 1224979098644774919 0 2133 2 1224979098644774920 0 6 3 1224979098644774921 360287970189639915 360287970189640074 540 3 1224979098644774921 2 2 2147484208 3 1224979098644774921 8 0 520 3 1224979098644774922 1224979098644774921 10 32 2 1224979098644774922 0 132 1 1224979098644774922 2173 2 1224979098644774923 1224979098644774921 31 2 1224979098644774923 1224979098644774915 2133 2 1224979098644774924 0 4 0 541 3 1224979098644774922 4 1 541 3 1224979098644774922 5 1224979098644774913 2133 2 1224979098644774924 1 5 0 541 3 1224979098644774922 4 11 521 3 1224979098644774925 1224979098644774922 5 32 2 1224979098644774925 0 132 1 1224979098644774925 541 3 1224979098644774925 4 1 541 3 1224979098644774925 5 1224979098644774913 2133 2 1224979098644774924 1 3 0 31 2 1224979098644774924 1 1680 2 1224979098644774926 1224979098644774922 3221225502 2 1224979098644774926 0 31 2 1224979098644774926 1224979098644774913 4 0 542 3 1224979098644774915 8 1224979098644774921 2133 2 1224979098644774920 1 3 0 1 2 936748722493063319 1224979098644774922 2105 2 1224979098644774919 72057594037927936 3 0 4 0 32 2 1224979098644774919 0 1662 2 1224979098644774913 648518346341351439 1 2 936748722493063319 648518346341351439 2133 2 1224979098644774927 72057594037927936 4 0 31 2 144115188075856184 1224979098644774913 31 2 144115188075856441 0 1 2 936748722493063319 648518346341351424 2105 2 1224979098644774927 72057594037927936 2107 2 1224979098644774919 2 3 0 521 3 1224979098644774928 1224979098644774913 65 2105 2 1224979098644774928 100 2107 2 1224979098644774927 1224979098644774928 2108 2 1224979098644774927 100 2111 2 1224979098644774927 1 4 0 31 2 1224979098644774920 1 31 2 1224979098644774915 144115188075856445 200 1 504403158265495569 2107 2 1224979098644774919 2 3 0 2122 3 1224979098644774929 1224979098644774919 100 2108 2 1224979098644774929 1224979098644774927 2121 3 1224979098644774930 1224979098644774929 250 4 0 32 2 1224979098644774930 -100 2123 3 1224979098644774931 1224979098644774916 2 2105 2 1224979098644774930 1224979098644774931 3 0 2108 2 1224979098644774930 5 2111 2 1224979098644774930 0 2121 3 1224979098644774932 175 1224979098644774929 2111 2 1224979098644774932 0 4 0 2136 3 1224979098644774933 0 100 2147483678 2 1224979098644774933 1224979098644774930 32 2 1224979098644774916 24 2133 2 1224979098644774917 1 5 0 2136 3 1224979098644774933 0 100 2147483678 2 1224979098644774933 1224979098644774932 2133 2 1224979098644774918 1 3 0 5 0 2133 2 1224979098644774918 1 3 0 4 0 31 2 1224979098644774917 1 1 2 936748722493063432 1224979098644774913 5 0 31 2 1224979098644774918 1 6 3 1224979098644774921 360287970189639915 360287970189640074 540 3 1224979098644774921 2 2 2147484208 3 1224979098644774921 8 0 520 3 1224979098644774922 1224979098644774921 10 32 2 1224979098644774922 0 132 1 1224979098644774922 541 3 1224979098644774922 4 1 541 3 1224979098644774922 5 1224979098644774913 541 3 1224979098644774922 8 1 1 4 936748722493063427 1224979098644774922 -1 -1 1 4 936748722493063427 1224979098644774922 1 1224979098644774913 501 3 1224979098644774913 64 1224979098644774912 3 0 3 0 3 0 
6.000000  1 2133 2 144115188075856087 1 
0.000000  3 31 2 144115188075856087 1 2133 2 144115188075856087 0 1 1 936748722493063455 
24.000000  14 6 3 1224979098644774912 432345564227567628 432345564227567633 1 2 936748722493063361 1224979098644774912 3 0 6 3 1224979098644774913 360287970189639915 360287970189640074 2173 2 1224979098644774914 1224979098644774913 2147484190 3 1224979098644774914 4 0 2147484190 3 1224979098644774914 4 6 2147484190 3 1224979098644774914 4 1 520 3 1224979098644774915 1224979098644774913 10 132 1 1224979098644774915 2105 2 144115188075857243 1 541 3 1224979098644774915 4 11 2105 2 144115188075857296 1 3 0 
36.000000  6 6 3 1224979098644774912 360287970189639915 360287970189640195 500 3 1224979098644774912 20 0 3 0 6 3 1224979098644774912 360287970189640421 360287970189640531 500 3 1224979098644774912 20 0 3 0 
24.000000  3 6 3 1224979098644774912 648518346341351517 648518346341351611 1 2 936748722493063419 1224979098644774912 3 0 
48.000000  4 6 3 1224979098644774912 648518346341351517 648518346341351611 1 2 936748722493063420 1224979098644774912 501 3 1224979098644774912 46 0 3 0 
168.000000  55 6 3 1224979098644774912 648518346341351447 648518346341351611 2147483681 3 1224979098644774912 648518346341351469 648518346341351517 521 3 1224979098644774913 1224979098644774912 205 521 3 1224979098644774914 1224979098644774912 206 521 3 1224979098644774915 1224979098644774912 208 2111 2 1224979098644774915 1 2122 3 1224979098644774916 1224979098644774913 400 2122 3 1224979098644774917 1224979098644774914 200 2105 2 1224979098644774916 1224979098644774917 2108 2 1224979098644774916 1224979098644774915 2136 3 1224979098644774918 0 100 4 0 31 2 1224979098644774918 0 2110 2 1224979098644774913 10 5 0 32 2 1224979098644774916 100 2107 2 1224979098644774914 90 2108 2 1224979098644774914 100 2107 2 1224979098644774913 90 2108 2 1224979098644774913 100 5 0 2147483678 2 1224979098644774916 30 2107 2 1224979098644774913 120 2108 2 1224979098644774913 100 2105 2 1224979098644774913 1 2107 2 1224979098644774914 120 2108 2 1224979098644774914 100 2105 2 1224979098644774914 1 5 0 2147483678 2 1224979098644774916 60 2107 2 1224979098644774913 110 2108 2 1224979098644774913 100 2105 2 1224979098644774913 1 2107 2 1224979098644774914 110 2108 2 1224979098644774914 100 2105 2 1224979098644774914 1 5 0 2147483678 2 1224979098644774916 100 2147483678 2 1224979098644774918 50 2107 2 1224979098644774913 105 2108 2 1224979098644774913 100 4 0 2147483680 2 1224979098644774913 20 2105 2 1224979098644774913 1 3 0 2107 2 1224979098644774914 105 2108 2 1224979098644774914 100 4 0 2147483680 2 1224979098644774914 20 2105 2 1224979098644774914 1 3 0 3 0 501 3 1224979098644774912 205 1224979098644774913 501 3 1224979098644774912 206 1224979098644774914 3 0 
168.000000  50 6 3 1224979098644774912 648518346341351447 648518346341351611 4 0 561 3 1224979098644774912 7 0 521 3 1224979098644774913 1224979098644774912 47 2133 2 1224979098644774914 0 4 0 541 3 1224979098644774912 0 4 4 0 541 3 1224979098644774912 35 0 2133 2 1224979098644774914 1200 3 0 5 0 541 3 1224979098644774912 0 2 2133 2 1224979098644774914 1200 5 0 541 3 1224979098644774912 0 3 2133 2 1224979098644774914 2400 3 0 521 3 1224979098644774915 1224979098644774912 50 2120 3 1224979098644774916 20 1224979098644774915 2107 2 1224979098644774914 1224979098644774916 2108 2 1224979098644774914 120 4 0 541 3 1224979098644774912 7 360287970189639680 424 1 1224979098644774917 4 0 31 2 1224979098644774917 0 2107 2 1224979098644774914 3 2108 2 1224979098644774914 4 5 0 31 2 1224979098644774917 1 5 0 31 2 1224979098644774917 2 2107 2 1224979098644774914 4 2108 2 1224979098644774914 3 3 0 3 0 2105 2 1224979098644774913 1224979098644774914 501 3 1224979098644774912 47 1224979098644774913 3 0 4 0 33 3 1224979098644774912 648518346341351517 648518346341351611 521 3 1224979098644774918 1224979098644774912 120 561 3 1224979098644774918 7 0 33 3 1224979098644774918 648518346341351469 648518346341351517 521 3 1224979098644774913 1224979098644774918 47 2105 2 1224979098644774913 1224979098644774914 501 3 1224979098644774918 47 1224979098644774913 3 0 3 0 
32.000000  64 31 2 144115188075856445 0 2147483680 2 144115188075856102 0 31 2 144115188075856441 0 1506 2 1224979098644774912 360287970189639680 4 0 31 2 1224979098644774912 1 31 2 144115188075856098 0 6 3 1224979098644774913 360287970189639915 360287970189639931 110 1 1224979098644774913 1506 2 1224979098644774914 1224979098644774913 31 2 1224979098644774914 1 560 3 360287970189639680 7 150 560 3 1224979098644774913 139 1 2133 2 144115188075856098 1224979098644774913 3 0 5 0 2136 3 1224979098644774915 432345564227567629 432345564227567633 2133 2 1224979098644774916 999999 6 3 1224979098644774917 648518346341351447 648518346341351517 2204 2 1224979098644774918 1224979098644774917 31 2 1224979098644774918 1224979098644774915 2281 3 1224979098644774919 648518346341351424 1224979098644774917 2110 2 1224979098644774916 1224979098644774919 3 0 2147483678 2 1224979098644774916 30 2190 3 1224979098644774920 1224979098644774915 432345564227567628 522 3 1224979098644774921 1224979098644774915 11 1 2 936748722493063438 1224979098644774921 2133 2 1224979098644774922 72057594037927936 1 2 936748722493063400 360287970189639680 2133 2 1224979098644774923 72057594037927936 31 2 144115188075856324 0 2133 2 1224979098644774924 0 4 0 30 2 648518346341351424 0 2157 2 1224979098644774924 648518346341351424 3 0 4 0 31 2 1224979098644774923 0 520 3 1224979098644774925 360287970189639680 7 30 2 1224979098644774925 160 30 2 1224979098644774920 0 30 2 1224979098644774922 0 30 2 1224979098644774924 45 2136 3 1224979098644774926 0 100 2147483678 2 1224979098644774926 50 1 2 936748722493063606 1224979098644774915 2133 2 144115188075856110 72057594037927936 30 2 144115188075856110 0 2133 2 144115188075856102 1224979098644774915 2060 1 864691128455135432 5 0 32 2 1224979098644774923 0 2147483679 2 144115188075857218 1224979098644774915 30 2 1224979098644774920 -40 30 2 1224979098644774922 -20 30 2 1224979098644774924 30 2136 3 1224979098644774926 0 100 2147483678 2 1224979098644774926 20 2133 2 144115188075856102 1224979098644774915 2133 2 144115188075856110 -1 2060 1 864691128455135431 3 0 3 0 
168.000000  4 6 3 1224979098644774912 360287970189639915 360287970189640074 2136 3 1224979098644774913 0 9999 500 3 1224979098644774912 49 1224979098644774913 3 0 
0.100000  39 6 3 1224979098644774912 360287970189639915 360287970189640195 540 3 1224979098644774912 2 2 520 3 1224979098644774913 1224979098644774912 10 30 2 1224979098644774913 1 132 1 1224979098644774913 1694 2 1224979098644774914 1224979098644774913 2147483678 2 1224979098644774914 1 1665 2 1224979098644774915 1224979098644774913 33 3 1224979098644774915 648518346341351447 648518346341351611 1 3 936748722493063403 1224979098644774915 1224979098644774913 4 0 30 2 72057594037927936 0 1660 2 1224979098644774913 1224979098644774915 5 0 1640 2 1224979098644774913 0 3 0 4 0 1073742365 3 1224979098644774915 0 3 541 3 1224979098644774915 0 2 2204 2 1224979098644774916 1224979098644774913 2204 2 1224979098644774917 1224979098644774915 31 2 1224979098644774916 1224979098644774917 1651 2 1224979098644774918 1224979098644774913 32 2 1224979098644774918 0 2133 2 144115188075855941 1 1 3 936748722493063333 1224979098644774915 1224979098644774913 2133 2 144115188075855941 1 1 2 936748722493063329 1224979098644774913 3 0 3 0 11 1 1224979098644774919 32 2 1224979098644774919 648518346341351675 1609 2 1224979098644774920 1224979098644774919 30 2 1224979098644774920 576460752303423539 2281 3 1224979098644774921 648518346341351424 1224979098644774919 2147483678 2 1224979098644774921 3 1603 3 1224979098644774919 256 0 1603 3 1224979098644774919 16384 1 3 0 
48.000000  9 1 3 936748722493063625 648518346341351424 50 6 3 1224979098644774912 648518346341351447 648518346341351517 2133 2 1224979098644774913 30 4 0 541 3 1224979098644774912 135 1 2133 2 1224979098644774913 5 3 0 1 3 936748722493063625 1224979098644774912 1224979098644774913 3 0 
48.000000  42 6 3 1224979098644774912 360287970189639915 360287970189640074 540 3 1224979098644774912 2 2 2322 2 1 1224979098644774912 2147484208 3 1224979098644774912 8 0 2147484208 3 1224979098644774912 10 1 2173 2 1224979098644774913 1224979098644774912 4 0 31 2 1224979098644774913 432345564227567618 5 0 4 0 31 2 144115188075856301 2 2322 2 4 1224979098644774912 1106 1 216172782113786384 3 0 1 3 936748722493063365 1224979098644774913 1224979098644774912 2133 2 1224979098644774914 72057594037927936 4 0 31 2 144115188075856301 2 2330 2 7 1224979098644774914 2322 2 0 1224979098644774912 1106 1 216172782113786385 3 0 1 3 936748722493063413 1224979098644774912 1224979098644774914 4 0 31 2 144115188075857316 0 1660 2 144115188075857181 1224979098644774914 3 0 520 3 1224979098644774915 1224979098644774912 10 1 4 936748722493063427 1224979098644774915 7 1224979098644774914 5 0 2147484190 3 1224979098644774913 21 0 4 0 33 3 1224979098644774912 360287970189639931 360287970189639935 500 3 1224979098644774912 55 432345564227567617 5 0 2136 3 1224979098644774916 0 100 2147483678 2 1224979098644774916 10 1 2 936748722493063445 1224979098644774913 500 3 1224979098644774912 55 72057594037927936 3 0 3 0 3 0 
24.000000  10 6 3 1224979098644774912 648518346341351517 648518346341351611 541 3 1224979098644774912 35 0 521 3 1224979098644774913 1224979098644774912 122 1073741855 2 1224979098644774913 0 2147483780 1 1224979098644774913 2136 3 1224979098644774914 0 100 2147483678 2 1224979098644774914 60 1 2 936748722493063544 1224979098644774912 501 3 1224979098644774912 122 72057594037927936 3 0 
72.000000  16 1 1 936748722493063313 6 3 1224979098644774912 648518346341351447 648518346341351611 521 3 1224979098644774913 1224979098644774912 51 4 0 32 2 1224979098644774913 1000 2107 2 1224979098644774913 95 2108 2 1224979098644774913 100 2111 2 1224979098644774913 1000 5 0 2147483678 2 1224979098644774913 1000 2107 2 1224979098644774913 105 2108 2 1224979098644774913 100 2110 2 1224979098644774913 1000 3 0 501 3 1224979098644774912 51 1224979098644774913 3 0 
8.000000  66 11 1 1224979098644774912 541 3 1224979098644774912 0 11 131 1 1224979098644774912 2204 2 1224979098644774913 1224979098644774912 522 3 1224979098644774914 1224979098644774913 82 4 0 2147483680 2 1224979098644774914 0 1232 1 1224979098644774912 5 0 1665 2 1224979098644774915 1224979098644774912 2136 3 1224979098644774916 0 100 4 0 541 3 1224979098644774915 7 360287970189639680 424 1 1224979098644774917 4 0 31 2 1224979098644774917 0 2133 2 1224979098644774918 35 5 0 31 2 1224979098644774917 1 2133 2 1224979098644774918 45 5 0 31 2 1224979098644774917 2 2133 2 1224979098644774918 60 3 0 5 0 2133 2 1224979098644774918 45 3 0 2147483678 2 1224979098644774916 1224979098644774918 2133 2 1224979098644774919 1 4 0 33 3 1224979098644774915 648518346341351447 648518346341351517 2147484189 3 1224979098644774915 54 -1 2133 2 1224979098644774919 0 3 0 31 2 1224979098644774919 1 2133 2 1224979098644774920 0 4 0 521 3 1224979098644774921 1224979098644774912 4 31 2 1224979098644774921 13 521 3 1224979098644774922 1224979098644774912 5 31 2 1224979098644774915 1224979098644774922 2133 2 1224979098644774920 1 3 0 2133 2 1224979098644774923 -1 4 0 31 2 144115188075856205 1224979098644774912 2147483778 2 1224979098644774912 144115188075856204 2133 2 1224979098644774923 144115188075856204 5 0 1 3 936748722493063369 1224979098644774915 1224979098644774913 2133 2 1224979098644774923 72057594037927936 3 0 33 3 1224979098644774923 648518346341351447 648518346341351469 2147483778 2 1224979098644774912 1224979098644774923 4 0 31 2 1224979098644774920 1 2330 2 7 1224979098644774915 1 3 936748722493063318 1224979098644774912 1224979098644774915 3 0 1640 2 1224979098644774912 1 1641 2 1224979098644774912 1224979098644774923 1603 3 1224979098644774912 65536 0 501 3 1224979098644774912 4 13 501 3 1224979098644774912 5 1224979098644774923 3 0 3 0 
8.000000  62 11 1 1224979098644774912 541 3 1224979098644774912 0 15 131 1 1224979098644774912 521 3 1224979098644774913 1224979098644774912 123 1665 2 1224979098644774914 1224979098644774912 2133 2 1224979098644774915 1 4 0 33 3 1224979098644774914 648518346341351447 648518346341351517 2147484189 3 1224979098644774914 54 -1 2133 2 1224979098644774915 0 3 0 31 2 1224979098644774915 1 4 0 31 2 1224979098644774914 1224979098644774913 1 4 936748722493063545 1224979098644774912 1224979098644774913 25 2204 2 1224979098644774916 1224979098644774914 1620 2 1224979098644774912 1224979098644774916 521 3 1224979098644774917 1224979098644774913 121 501 3 1224979098644774912 5 1224979098644774917 501 3 1224979098644774912 4 13 1640 2 1224979098644774912 1 1641 2 1224979098644774912 1224979098644774917 5 0 4 0 521 3 1224979098644774918 1224979098644774912 5 31 2 1224979098644774914 1224979098644774918 1 4 936748722493063545 1224979098644774912 1224979098644774918 25 2133 2 1224979098644774919 72057594037927936 521 3 1224979098644774920 1224979098644774918 48 521 3 1224979098644774921 1224979098644774918 50 2133 2 1224979098644774922 1224979098644774919 2107 2 1224979098644774922 1224979098644774921 2108 2 1224979098644774922 100 2108 2 1224979098644774922 20 2105 2 1224979098644774920 1224979098644774922 4 0 30 2 144115188075856301 3 2133 2 72057594037927940 1224979098644774922 2330 2 4 1224979098644774918 2133 2 72057594037927941 1224979098644774920 1106 1 1585267068834414596 3 0 501 3 1224979098644774918 48 1224979098644774920 521 3 1224979098644774923 1224979098644774918 53 1 2 936748722493063418 1224979098644774918 2133 2 1224979098644774924 72057594037927936 2105 2 1224979098644774923 1000 2110 2 1224979098644774923 1224979098644774924 501 3 1224979098644774918 53 1224979098644774923 4 0 2136 3 1224979098644774925 0 100 2147483678 2 1224979098644774925 5 1 3 936748722493063603 1224979098644774913 1 2105 2 144115188075857297 1 3 0 3 0 501 3 1224979098644774912 5 1224979098644774913 501 3 1224979098644774912 4 13 1640 2 1224979098644774912 1 1641 2 1224979098644774912 1224979098644774913 3 0 3 0 
2.000000  9 6 3 1224979098644774912 648518346341351469 648518346341351517 541 3 1224979098644774912 54 -1 521 3 1224979098644774913 1224979098644774912 53 2105 2 1224979098644774913 100 1 2 936748722493063418 1224979098644774912 2133 2 1224979098644774914 72057594037927936 2110 2 1224979098644774913 1224979098644774914 501 3 1224979098644774912 53 1224979098644774913 3 0 
0.500000  53 6 3 1224979098644774912 360287970189639915 360287970189640195 540 3 1224979098644774912 2 2 520 3 1224979098644774913 1224979098644774912 10 32 2 1224979098644774913 0 4 0 132 1 1224979098644774913 4 0 2293 2 1224979098644774914 1224979098644774913 31 2 1224979098644774914 5 2133 2 1224979098644774915 1 4 0 1073742364 3 1224979098644774912 52 7 540 3 1224979098644774912 52 1 2294 2 1224979098644774916 1224979098644774913 132 1 1224979098644774916 1680 2 1224979098644774917 1224979098644774916 132 1 1224979098644774917 2133 2 1224979098644774915 0 3 0 31 2 1224979098644774915 1 2204 2 1224979098644774918 1224979098644774913 521 3 1224979098644774919 1224979098644774913 30 522 3 1224979098644774920 1224979098644774918 8 2147483679 2 1224979098644774920 1224979098644774912 2133 2 1224979098644774915 1 4 0 30 2 1224979098644774920 0 520 3 1224979098644774921 1224979098644774920 10 132 2 1224979098644774921 0 31 2 1224979098644774919 1224979098644774921 2133 2 1224979098644774915 0 3 0 31 2 1224979098644774915 1 2133 2 1224979098644774922 0 6 3 1224979098644774923 648518346341351447 648518346341351517 31 2 1224979098644774922 0 541 3 1224979098644774923 54 -1 2204 2 1224979098644774924 1224979098644774923 2190 3 1224979098644774925 1224979098644774924 1224979098644774918 32 2 1224979098644774925 0 2281 3 1224979098644774926 1224979098644774913 1224979098644774923 2147483678 2 1224979098644774926 20 1625 2 1 1224979098644774913 1625 2 2 1224979098644774923 2147484362 2 2 1 1 4 936748722493063427 1224979098644774913 14 1224979098644774923 2133 2 1224979098644774922 1 3 0 3 0 5 0 500 3 1224979098644774912 10 -1 3 0 3 0 
0.500000  44 2270 1 1224979098644774912 2119 3 1224979098644774913 1224979098644774912 11 2121 3 1224979098644774914 1224979098644774912 5 1601 2 1224979098644774915 648518346341351424 1602 2 1224979098644774916 648518346341351424 2105 2 1224979098644774915 1224979098644774916 2130 1 1224979098644774915 2125 2 1224979098644774917 1224979098644774915 2131 1 1224979098644774917 4 0 31 2 1224979098644774913 0 6 3 1224979098644774918 432345564227567628 432345564227567633 522 3 1224979098644774919 1224979098644774918 30 2106 2 1224979098644774919 1 2111 2 1224979098644774919 0 502 3 1224979098644774918 30 1224979098644774919 3 0 3 0 31 2 144115188075856441 0 6 3 1224979098644774920 648518346341351447 648518346341351611 2204 2 1224979098644774918 1224979098644774920 2190 3 1224979098644774921 1224979098644774918 432345564227567628 2147483678 2 1224979098644774921 0 2281 3 1224979098644774922 648518346341351424 1224979098644774920 2147483678 2 1224979098644774922 5 2122 3 1224979098644774923 1224979098644774922 1224979098644774922 2121 3 1224979098644774924 20 1224979098644774923 2121 3 1224979098644774925 20 1224979098644774921 2122 3 1224979098644774926 1224979098644774924 1224979098644774925 2107 2 1224979098644774926 1224979098644774917 2123 3 1224979098644774927 1224979098644774926 10 2136 3 1224979098644774928 0 1000 2147483678 2 1224979098644774928 1224979098644774927 522 3 1224979098644774919 1224979098644774918 30 2105 2 1224979098644774919 1 2110 2 1224979098644774919 100 502 3 1224979098644774918 30 1224979098644774919 4 0 2147484209 3 1224979098644774920 42 1224979098644774914 2342 2 1 1224979098644774920 1106 1 1585267068834414597 501 3 1224979098644774920 42 1224979098644774912 3 0 3 0 
14.000000  53 31 2 144115188075856441 0 1650 2 1224979098644774912 648518346341351424 2133 2 1224979098644774913 0 6 3 1224979098644774914 0 1224979098644774912 1653 3 1224979098644774915 648518346341351424 1224979098644774914 2105 2 1224979098644774913 1224979098644774915 3 0 2108 2 1224979098644774913 3 4 0 31 2 1224979098644774913 0 2105 2 1224979098644774913 1 3 0 4 0 2133 2 1224979098644774916 0 6 3 1224979098644774917 288230376151711851 288230376151711882 1 3 936748722493063449 1224979098644774917 41 2105 2 1224979098644774916 1 3 0 4 0 30 2 1224979098644774916 6 372 1 36 3 0 3 0 2133 2 1224979098644774918 1224979098644774913 2133 2 1224979098644774919 0 6 3 1224979098644774920 0 1224979098644774918 2133 2 1224979098644774921 0 6 3 1224979098644774922 288230376151711851 288230376151711882 507 3 1224979098644774922 0 0 1 3 936748722493063449 1224979098644774922 41 2105 2 1224979098644774921 1 3 0 4 0 32 2 1224979098644774921 0 2136 3 1224979098644774923 0 1224979098644774921 1 2 936748722493063541 1224979098644774923 5 0 31 2 1224979098644774919 0 1106 2 1585267068834414598 16711680 1 2 936748722493063448 -3 4 0 31 2 1224979098644774919 0 31 2 144115188075857254 0 1 1 936748722493063771 3 0 2133 2 1224979098644774919 1 4 0 1 2 936748722493063353 648518346341351424 32 2 72057594037927936 0 1 3 936748722493063609 2 216172782113784230 3 0 3 0 3 0 
24.000000  17 1540 2 1224979098644774912 360287970189639680 6 3 1224979098644774913 0 1224979098644774912 1541 3 1224979098644774914 360287970189639680 1224979098644774913 1073741855 2 1224979098644774914 288230376151711861 1073741855 2 1224979098644774914 288230376151711866 31 2 1224979098644774914 288230376151711867 1542 3 1224979098644774915 360287970189639680 1224979098644774913 4 0 30 2 1224979098644774915 37 2147483678 2 1224979098644774915 41 2105 2 1224979098644774915 1 1544 3 360287970189639680 1224979098644774913 1224979098644774915 5 0 2147483678 2 1224979098644774915 37 1544 3 360287970189639680 1224979098644774913 37 3 0 3 0 
72.000000  0 
0.000000  20 1541 3 1224979098644774912 360287970189639680 8 2133 2 1224979098644774913 -1 4 0 31 2 144115188075856322 0 4 0 30 2 1224979098644774912 0 2133 2 1224979098644774913 1297036692682702849 5 0 2133 2 1224979098644774913 1297036692682702848 3 0 5 0 31 2 144115188075856322 1 2133 2 1224979098644774913 1297036692682702875 5 0 31 2 144115188075856322 2 2133 2 1224979098644774913 1297036692682702876 3 0 2147483679 2 1224979098644774913 144115188075857092 2133 2 144115188075857092 1224979098644774913 1676 2 648518346341351424 1224979098644774913 
2.000000  14 2149 2 1224979098644774912 360287970189639680 2123 3 1224979098644774913 1224979098644774912 100 1540 2 1224979098644774914 360287970189639680 6 3 1224979098644774915 0 1224979098644774914 1541 3 1224979098644774916 360287970189639680 1224979098644774915 30 2 1224979098644774916 0 4 0 33 3 1224979098644774916 288230376151711832 288230376151711882 2230 2 1224979098644774917 1224979098644774916 2105 2 1224979098644774912 1224979098644774917 3 0 3 0 2112 3 1224979098644774913 0 100 1645 2 648518346341351424 1224979098644774913 
3.000000  6 6 3 1224979098644774912 648518346341351447 648518346341351517 542 3 432345564227567628 21 2 2204 2 1224979098644774913 1224979098644774912 31 2 1224979098644774913 432345564227567628 1 2 936748722493063549 360287970189639680 3 0 
6.000000  30 32 2 144115188075856327 0 32 2 144115188075856328 0 32 2 144115188075856329 0 2273 0 4 0 2170 3 1224979098644774912 1369094286720630785 360287970189639680 2107 2 1224979098644774912 5 2121 3 1224979098644774913 66 1224979098644774912 32 2 1224979098644774913 0 2133 2 1224979098644774914 0 6 3 1224979098644774915 0 144115188075856328 2136 3 1224979098644774916 0 100 2147483678 2 1224979098644774916 1224979098644774913 2105 2 1224979098644774914 1 3 0 1615 3 648518346341351424 144115188075856327 1224979098644774914 2133 2 1224979098644774914 72057594037927936 32 2 1224979098644774914 0 4 0 32 2 1224979098644774914 1 2133 2 72057594037927938 1 5 0 2133 2 72057594037927938 0 3 0 2133 2 72057594037927937 1224979098644774914 2324 3 1 144115188075856327 1224979098644774914 1105 1 1585267068834414599 3 0 2133 2 144115188075856327 0 2133 2 144115188075856328 0 
24.000000  10 2147483679 2 144115188075856138 1 1 2 936748722493063617 648518346341351424 31 2 72057594037927936 0 2133 2 1224979098644774912 648518346341351517 6 3 1224979098644774913 648518346341351447 1224979098644774912 541 3 1224979098644774913 7 360287970189639680 1 2 936748722493063617 1224979098644774913 31 2 72057594037927936 1 2133 2 1224979098644774912 0 3 0 
72.000000  28 2133 2 144115188075856138 0 6 3 1224979098644774912 648518346341351447 648518346341351517 521 3 1224979098644774913 1224979098644774912 7 32 2 1224979098644774913 0 1651 2 1224979098644774914 1224979098644774912 7 3 1224979098644774915 0 1224979098644774914 1656 3 1224979098644774916 1224979098644774912 1224979098644774915 1507 1 1224979098644774916 540 3 1224979098644774916 2 2 2136 3 1224979098644774917 0 100 4 0 2147483680 2 1224979098644774917 10 1 2 936748722493063616 1224979098644774916 2133 2 1224979098644774918 72057594037927936 520 3 1224979098644774919 1224979098644774913 11 2105 2 1224979098644774919 1224979098644774918 500 3 1224979098644774913 11 1224979098644774919 1616 3 1224979098644774912 1224979098644774916 1 1 2 936748722493063664 1224979098644774916 2173 2 1224979098644774920 1224979098644774913 2173 2 1224979098644774921 1224979098644774916 2322 2 1 1224979098644774916 2335 2 2 1224979098644774920 2335 2 3 1224979098644774921 1105 1 1585267068834414600 3 0 3 0 3 0 
48.000000  16 1 1 936748722493063559 1 1 936748722493063565 1 1 936748722493063566 1 1 936748722493063569 1 1 936748722493063568 1 1 936748722493063567 6 3 1224979098644774912 648518346341351517 648518346341351611 1 2 936748722493063560 1224979098644774912 1 2 936748722493063561 1224979098644774912 3 0 6 3 1224979098644774913 648518346341351447 648518346341351469 1 2 936748722493063562 1224979098644774913 3 0 6 3 1224979098644774913 648518346341351469 648518346341351517 1 2 936748722493063563 1224979098644774913 3 0 
24.000000  1 1 1 936748722493063570 
36.000000  13 6 3 1224979098644774912 648518346341351447 648518346341351611 1073742365 3 1224979098644774912 0 3 541 3 1224979098644774912 0 4 1 3 936748722493063515 1224979098644774912 1 1 3 936748722493063515 1224979098644774912 2 2136 3 1224979098644774913 0 100 4 0 2147483678 2 1224979098644774913 70 2147484209 3 1224979098644774912 50 60 1 2 936748722493063514 1224979098644774912 1 4 936748722493063513 1224979098644774912 72057594037927936 1 3 0 3 0 
12.000000  20 6 3 1224979098644774912 648518346341351447 648518346341351611 521 3 1224979098644774913 1224979098644774912 124 32 2 1224979098644774913 0 521 3 1224979098644774914 1224979098644774912 125 2270 1 1224979098644774915 30 2 1224979098644774915 1224979098644774914 501 3 1224979098644774912 1224979098644774913 1 501 3 1224979098644774912 124 0 1 2 936748722493063595 1224979098644774913 4 0 541 3 1224979098644774912 7 360287970189639680 2330 2 4 1224979098644774912 1105 1 1585267068834414601 3 0 4 0 33 3 1224979098644774912 648518346341351517 648518346341351611 31 2 1224979098644774913 131 1 3 936748722493063603 1224979098644774912 5 3 0 3 0 
24.000000  102 2133 2 1224979098644774912 0 6 3 1224979098644774913 648518346341351447 648518346341351469 521 3 1224979098644774914 1224979098644774913 156 4 0 31 2 1224979098644774914 1 1 3 936748722493063626 1224979098644774913 0 1 1 936748722493063635 1 1 936748722493063631 2121 3 1224979098644774915 72057594037927936 1 1 2 936748722493063636 1224979098644774915 1 1 936748722493063635 520 3 1224979098644774916 360287970189639686 0 4 0 33 3 1224979098644774916 360287970189639915 360287970189640074 2341 2 1 1224979098644774916 2342 2 2 1224979098644774913 1106 1 1585267068834414602 1 3 936748722493063439 1224979098644774916 20 3 0 3 0 2106 2 1224979098644774914 1 2111 2 1224979098644774914 0 501 3 1224979098644774913 156 1224979098644774914 4 0 32 2 1224979098644774914 0 2105 2 1224979098644774912 1 3 0 3 0 6 3 1224979098644774913 648518346341351447 648518346341351611 1073742365 3 1224979098644774913 0 3 541 3 1224979098644774913 0 4 521 3 1224979098644774917 1224979098644774913 155 4 0 2147483680 2 1224979098644774917 0 2133 2 1224979098644774918 0 4 0 200 1 504403158265495587 546 3 504403158265495587 1 1224979098644774913 2147483850 1 504403158265495587 2133 2 1224979098644774918 1 5 0 2136 3 1224979098644774919 0 100 2147483678 2 1224979098644774919 3 2133 2 1224979098644774918 1 3 0 4 0 31 2 1224979098644774918 1 2136 3 1224979098644774919 0 3 4 0 31 2 1224979098644774919 0 2133 2 1224979098644774920 360287970189639829 5 0 31 2 1224979098644774919 1 2133 2 1224979098644774920 360287970189639831 5 0 2133 2 1224979098644774920 360287970189639834 3 0 501 3 1224979098644774913 155 1224979098644774920 4 0 31 2 144115188075856301 1 2330 2 1 1224979098644774913 1106 1 1585267068834414603 3 0 3 0 5 0 4 0 2133 2 1224979098644774921 40 4 0 541 3 1224979098644774913 0 3 2133 2 1224979098644774921 20 3 0 2136 3 1224979098644774919 0 100 2147483678 2 1224979098644774919 1224979098644774921 501 3 1224979098644774913 155 0 4 0 31 2 144115188075856301 1 2330 2 1 1224979098644774913 1106 1 1585267068834414604 3 0 3 0 3 0 3 0 6 3 1224979098644774922 432345564227567628 432345564227567633 542 3 1224979098644774922 4 6 522 3 1224979098644774923 1224979098644774922 5 33 3 1224979098644774923 648518346341351447 648518346341351469 561 3 1224979098644774923 156 1 501 3 1224979098644774923 156 2 3 0 4 0 2147483678 2 1224979098644774912 3 2136 3 1224979098644774919 0 100 2147483678 2 1224979098644774919 30 2136 3 1224979098644774924 648518346341351447 648518346341351469 2136 3 1224979098644774925 12 15 501 3 1224979098644774924 156 1224979098644774925 4 0 31 2 144115188075856301 1 2330 2 1 1224979098644774924 1106 1 1585267068834414605 3 0 3 0 
3.000000  1 2133 2 144115188075857298 0 
8.000000  0 
1.000000  21 2147483685 0 2273 0 33 3 144115188075856391 648518346341351447 648518346341351611 2147484189 3 144115188075856391 7 360287970189639680 2204 2 1224979098644774912 144115188075856391 2147483679 2 1224979098644774912 432345564227567628 2270 1 1224979098644774913 30 2 1224979098644774913 144115188075856408 2120 3 144115188075856408 1224979098644774913 24 2149 2 1224979098644774914 360287970189639680 1601 2 1224979098644774915 648518346341351424 2123 3 1224979098644774916 1224979098644774915 4 2105 2 1224979098644774916 1 4 0 30 2 1224979098644774914 1224979098644774916 1106 1 1585267068834414606 1529 2 360287970189639680 1224979098644774916 5 0 32 2 1224979098644774914 0 1529 2 360287970189639680 1224979098644774914 3 0 
36.000000  1 1 1 936748722493063591 
24.000000  1 1 1 936748722493063306 
24.000000  72 2133 2 1224979098644774912 0 6 3 1224979098644774913 432345564227567628 432345564227567633 502 3 1224979098644774913 20 0 3 0 11 1 1224979098644774914 2204 2 1224979098644774915 1224979098644774914 33 3 1224979098644774915 432345564227567628 432345564227567633 1073741857 3 1224979098644774914 648518346341351447 648518346341351611 541 3 1224979098644774914 0 13 522 3 1224979098644774916 1224979098644774915 20 2105 2 1224979098644774916 1 502 3 1224979098644774915 20 1224979098644774916 3 0 6 3 1224979098644774913 432345564227567628 432345564227567633 542 3 1224979098644774913 21 0 2105 2 1224979098644774912 1 542 3 1224979098644774913 20 0 2133 2 1224979098644774917 0 4 0 31 2 1224979098644774913 432345564227567628 4 0 2147483680 2 144115188075855942 0 502 3 1224979098644774913 21 2 2133 2 1224979098644774917 1 3 0 5 0 2147483679 2 144115188075856445 1224979098644774913 502 3 1224979098644774913 21 1 11 1 1224979098644774914 2204 2 1224979098644774915 1224979098644774914 31 2 1224979098644774915 1224979098644774913 521 3 1224979098644774918 1224979098644774914 123 2204 2 1224979098644774919 1224979098644774918 1620 2 1224979098644774914 1224979098644774919 3 0 2133 2 1224979098644774920 -1 6 3 1224979098644774921 360287970189640070 360287970189640074 540 3 1224979098644774921 14 1224979098644774913 2133 2 1224979098644774920 1224979098644774921 3 0 4 0 33 3 1224979098644774920 360287970189640070 360287970189640074 2147483679 2 1224979098644774920 144115188075855942 500 3 1224979098644774920 12 0 3 0 2133 2 1224979098644774917 1 4 0 31 2 144115188075857218 1224979098644774913 2133 2 144115188075857218 0 2133 2 144115188075856156 0 2133 2 144115188075857219 0 1 4 936748722493063461 864691128455135452 1224979098644774913 0 3 0 1 4 936748722493063461 864691128455135458 1224979098644774913 0 3 0 4 0 31 2 1224979098644774917 1 2106 2 1224979098644774912 1 3 0 6 3 1224979098644774922 432345564227567628 432345564227567633 1 2 936748722493063571 1224979098644774922 3 0 3 0 4 0 31 2 1224979098644774912 1 31 2 144115188075857299 0 2133 2 144115188075857299 1 6 3 1224979098644774913 432345564227567628 432345564227567633 542 3 1224979098644774913 21 0 1 4 936748722493063461 864691128455135451 1224979098644774913 0 3 0 3 0 
3.000000  61 4 0 33 3 144115188075856443 648518346341351447 648518346341351611 2204 2 1224979098644774912 144115188075856443 2147483679 2 1224979098644774912 432345564227567628 1 4 936748722493063461 864691128455135444 0 0 5 0 2147483678 2 144115188075856443 648518346341351447 1073742366 3 432345564227567628 11 360287970189639680 32 2 144115188075855943 0 2133 2 1224979098644774913 0 6 3 1224979098644774914 648518346341351447 648518346341351517 31 2 1224979098644774913 0 2204 2 1224979098644774912 1224979098644774914 31 2 1224979098644774912 432345564227567628 2133 2 1224979098644774913 1224979098644774914 3 0 30 2 1224979098644774913 1 1 4 936748722493063461 864691128455135444 0 0 3 0 11 1 1224979098644774915 32 2 1224979098644774915 648518346341351675 1609 2 1224979098644774916 1224979098644774915 33 3 1224979098644774916 576460752303423497 576460752303423503 524 3 1224979098644774917 1224979098644774916 4 4 0 32 2 1224979098644774917 648518346341351675 2281 3 1224979098644774918 1224979098644774915 1224979098644774917 32 2 1224979098644774918 30 1640 2 1224979098644774915 6 1625 2 5 1224979098644774917 1642 2 1224979098644774915 5 5 0 2290 2 1224979098644774919 1224979098644774915 31 2 1224979098644774919 6 4 0 32 2 1224979098644774917 648518346341351675 2281 3 1224979098644774918 1224979098644774915 1224979098644774917 2147483678 2 1224979098644774918 3 1640 2 1224979098644774915 3 524 3 1224979098644774920 1224979098644774916 5 1641 2 1224979098644774915 1224979098644774920 1643 2 1224979098644774915 45 5 0 2147483678 2 1224979098644774917 648518346341351675 1640 2 1224979098644774915 3 524 3 1224979098644774920 1224979098644774916 5 1641 2 1224979098644774915 1224979098644774920 1643 2 1224979098644774915 45 3 0 3 0 3 0 4 0 520 3 1224979098644774921 360287970189639680 34 32 2 1224979098644774921 0 2147483848 1 504403158265495595 2147483848 1 504403158265495596 2322 2 5 1224979098644774921 1106 1 1585267068834414607 500 3 360287970189639680 34 -1 500 3 1224979098644774921 34 -1 3 0 
168.000000  4 520 3 1224979098644774912 360287970189639680 7 2123 3 1224979098644774913 1224979098644774912 200 2106 2 1224979098644774912 1224979098644774913 500 3 360287970189639680 7 1224979098644774912 
1.000000  50 2147483685 0 32 2 144115188075856318 0 150 1 144115188075856318 2172 3 1224979098644774912 360287970189639680 2 527 3 1224979098644774913 144115188075856318 4 2147483680 2 1224979098644774913 1224979098644774912 527 3 1224979098644774914 144115188075856318 2 527 3 1224979098644774915 144115188075856318 3 31 2 1224979098644774915 0 2105 2 1224979098644774914 7 507 3 144115188075856318 2 1224979098644774914 30 2 1224979098644774914 1000 507 3 144115188075856318 3 1 2325 2 1 144115188075856318 2319 1 2 4 0 31 2 144115188075856318 288230376151711822 1521 3 360287970189639680 1369094286720630799 1 2320 2 2 1585267068834414608 5 0 31 2 144115188075856318 288230376151711823 1521 3 360287970189639680 1369094286720630791 1 2320 2 2 1585267068834414609 5 0 31 2 144115188075856318 288230376151711824 1521 3 360287970189639680 1369094286720630785 1 2320 2 2 1585267068834414610 5 0 31 2 144115188075856318 288230376151711825 1520 3 360287970189639680 2 1 2320 2 2 1585267068834414611 5 0 31 2 144115188075856318 288230376151711826 1521 3 360287970189639680 1369094286720630784 1 2320 2 2 1585267068834414612 5 0 31 2 144115188075856318 288230376151711827 1521 3 360287970189639680 1369094286720630811 1 2320 2 2 1585267068834414613 5 0 31 2 144115188075856318 288230376151711828 1521 3 360287970189639680 1369094286720630792 1 2320 2 2 1585267068834414614 3 0 372 1 37 4 0 31 2 144115188075856324 0 1120 2 1585267068834414615 1585267068834414616 3 0 2133 2 144115188075856318 0 
12.000000  18 11 1 1224979098644774912 541 3 1224979098644774912 0 17 2281 3 1224979098644774913 1224979098644774912 648518346341351424 4 0 32 2 1224979098644774913 30 1232 1 1224979098644774912 4 0 200 1 504403158265495580 2147483852 1 504403158265495580 546 3 504403158265495580 8 1224979098644774912 1 2 936748722493063554 504403158265495580 3 0 5 0 32 2 1224979098644774913 10 501 3 1224979098644774912 7 0 1640 2 1224979098644774912 0 3 0 3 0 
720.000000  8 6 3 1224979098644774912 648518346341351517 648518346341351611 541 3 1224979098644774912 7 360287970189639680 541 3 1224979098644774912 133 1 521 3 1224979098644774913 1224979098644774912 26 2105 2 1224979098644774913 1 2110 2 1224979098644774913 100 501 3 1224979098644774912 26 1224979098644774913 3 0 
24.000000  24 6 3 1224979098644774912 0 504403158265495733 4 0 200 1 1224979098644774912 4 0 2147483852 1 1224979098644774912 566 3 1224979098644774912 23 1 526 3 1224979098644774913 1224979098644774912 23 2106 2 1224979098644774913 1 4 0 31 2 1224979098644774913 0 1 3 936748722493063485 1224979098644774912 1 5 0 506 3 1224979098644774912 23 1224979098644774913 2133 2 72057594037927936 1224979098644774913 1113 4 1224979098644774912 7 1585267068834414617 0 3 0 3 0 5 0 566 3 1224979098644774912 25 1 526 3 1224979098644774914 1224979098644774912 25 2106 2 1224979098644774914 1 506 3 1224979098644774912 25 1224979098644774914 3 0 3 0 
2.000000  79 31 2 144115188075856324 0 33 3 144115188075856445 432345564227567628 432345564227567633 31 2 144115188075856441 0 4 0 200 1 504403158265495570 542 3 144115188075856445 8 -1 1 3 936748722493063485 504403158265495570 0 3 0 522 3 1224979098644774912 144115188075856445 5 2147484190 3 144115188075856445 4 0 2147484190 3 144115188075856445 4 6 2133 2 1224979098644774913 1 4 0 1073742366 3 144115188075856445 4 5 1073742366 3 144115188075856445 4 2 542 3 144115188075856445 4 3 2147483681 3 1224979098644774912 648518346341351447 648518346341351517 2133 2 1224979098644774913 0 3 0 31 2 1224979098644774913 1 2133 2 1224979098644774914 0 6 3 1224979098644774915 432345564227567628 432345564227567633 2147483679 2 1224979098644774915 144115188075856445 2190 3 1224979098644774916 1224979098644774915 144115188075856445 2147483678 2 1224979098644774916 0 2133 2 1224979098644774914 1 3 0 31 2 1224979098644774914 1 2147483848 1 504403158265495570 2147483848 1 504403158265495569 2147484214 3 504403158265495570 25 1 522 3 1224979098644774917 144115188075856445 8 32 2 1224979098644774917 0 520 3 1224979098644774918 1224979098644774917 10 32 2 1224979098644774918 0 132 1 1224979098644774918 2281 3 1224979098644774919 1224979098644774918 648518346341351424 2147483680 2 1224979098644774919 96 2133 2 1224979098644774920 1 6 3 1224979098644774921 504403158265495552 504403158265495569 200 1 1224979098644774921 546 3 1224979098644774921 6 1224979098644774917 2133 2 1224979098644774920 0 3 0 31 2 1224979098644774920 1 6 3 1224979098644774921 504403158265495611 504403158265495612 200 1 1224979098644774921 546 3 1224979098644774921 6 1224979098644774917 2133 2 1224979098644774920 0 3 0 31 2 1224979098644774920 1 6 3 1224979098644774921 504403158265495571 504403158265495575 200 1 1224979098644774921 2133 2 1224979098644774920 0 3 0 31 2 1224979098644774920 1 2171 2 1224979098644774922 360287970189639680 30 2 1224979098644774922 8 2133 2 1224979098644774923 2 6 3 1224979098644774924 648518346341351447 648518346341351611 541 3 1224979098644774924 7 360287970189639680 4 0 541 3 1224979098644774924 0 3 2105 2 1224979098644774923 3 5 0 541 3 1224979098644774924 0 2 2105 2 1224979098644774923 1 5 0 2105 2 1224979098644774923 1 3 0 3 0 2107 2 1224979098644774923 4 2110 2 1224979098644774923 60 506 3 504403158265495570 6 1224979098644774917 506 3 504403158265495570 2 1224979098644774917 506 3 504403158265495570 10 1224979098644774923 506 3 504403158265495570 23 4 506 3 504403158265495570 24 22 2060 1 864691128455135427 
3.000000  129 2133 2 144115188075857300 -1 200 2 504403158265495569 1 33 3 144115188075856445 432345564227567628 432345564227567633 2147484190 3 144115188075856445 4 0 522 3 1224979098644774912 144115188075856445 8 2147483679 2 1224979098644774912 360287970189639680 32 2 1224979098644774912 0 520 3 1224979098644774913 1224979098644774912 10 32 2 1224979098644774913 0 132 1 1224979098644774913 2281 3 1224979098644774914 1224979098644774913 648518346341351424 4 0 2147483678 2 1224979098644774914 15 2133 2 144115188075856135 0 2270 1 1224979098644774915 522 3 1224979098644774916 144115188075856445 95 2121 3 1224979098644774917 1224979098644774915 1224979098644774916 2133 2 1224979098644774918 -1 4 0 2136 3 1224979098644774919 0 100 2147483678 2 1224979098644774919 30 540 3 1224979098644774912 20 0 6 3 1224979098644774920 0 20 31 2 1224979098644774918 -1 2136 3 1224979098644774921 504403158265495571 504403158265495575 2147484214 3 1224979098644774921 25 1 4 0 31 2 1224979098644774921 504403158265495571 4 0 542 3 144115188075856445 4 2 32 2 1224979098644774917 120 2136 3 1224979098644774922 5 10 2133 2 1224979098644774918 504403158265495571 506 3 1224979098644774918 10 1224979098644774922 506 3 1224979098644774918 23 10 506 3 1224979098644774918 24 30 3 0 5 0 31 2 1224979098644774921 504403158265495572 31 2 1 0 4 0 542 3 144115188075856445 4 2 522 3 1224979098644774923 144115188075856445 5 33 3 1224979098644774923 648518346341351447 648518346341351517 1680 2 1224979098644774924 1224979098644774913 31 2 1224979098644774924 1224979098644774923 2133 2 1224979098644774918 1224979098644774921 506 3 1224979098644774918 1 1224979098644774923 506 3 1224979098644774918 23 2 506 3 1224979098644774918 24 15 3 0 5 0 31 2 1224979098644774921 504403158265495574 4 0 2133 2 1224979098644774925 100 2133 2 144115188075857301 -1 2133 2 144115188075857302 -1 2133 2 144115188075857303 -1 2133 2 1224979098644774926 0 6 3 1224979098644774920 0 1224979098644774925 4 0 2147483678 2 144115188075857301 0 1 3 936748722493063375 1224979098644774913 50 2133 2 144115188075857301 72057594037927936 3 0 4 0 2147483678 2 144115188075857302 0 1 3 936748722493063375 1224979098644774913 50 2147483679 2 144115188075857301 72057594037927936 2133 2 144115188075857302 72057594037927936 3 0 4 0 2147483678 2 144115188075857303 0 1 3 936748722493063375 1224979098644774913 50 2147483679 2 144115188075857301 72057594037927936 2147483679 2 144115188075857302 72057594037927936 2133 2 144115188075857303 72057594037927936 3 0 2147483679 2 144115188075857301 144115188075857302 2147483679 2 144115188075857301 144115188075857302 2147483679 2 144115188075857302 144115188075857303 30 2 144115188075857301 0 30 2 144115188075857302 0 30 2 144115188075857303 0 2133 2 1224979098644774925 0 2133 2 1224979098644774926 1 3 0 31 2 1224979098644774926 1 2133 2 144115188075857304 0 2133 2 144115188075857305 0 2133 2 144115188075857306 0 2133 2 1224979098644774918 504403158265495574 506 3 1224979098644774918 23 7 506 3 1224979098644774918 24 25 3 0 3 0 3 0 4 0 2147483679 2 1224979098644774918 -1 506 3 1224979098644774918 11 0 506 3 1224979098644774918 6 1224979098644774912 4 0 31 2 1224979098644774918 504403158265495572 2060 1 864691128455135429 5 0 2133 2 144115188075857300 1224979098644774918 506 3 144115188075857300 6 1224979098644774912 2060 1 864691128455135428 3 0 3 0 3 0 5 0 2105 2 144115188075856135 1 4 0 2147483678 2 144115188075856135 15 4 0 2119 3 1224979098644774927 144115188075856135 3 31 2 1224979098644774927 0 2341 2 1 1224979098644774912 4 0 2147483678 2 144115188075856135 8 5 0 1106 1 216172782113786959 3 0 3 0 5 0 2060 1 864691128455135430 3 0 3 0 
0.500000  8 200 1 504403158265495580 2147483852 1 504403158265495580 526 3 1224979098644774912 504403158265495580 8 526 3 1224979098644774913 504403158265495580 1 2281 3 1224979098644774914 1224979098644774912 1224979098644774913 2147483678 2 1224979098644774914 3 1232 1 1224979098644774912 1 2 936748722493063553 504403158265495580 
2.000000  14 6 3 1224979098644774912 360287970189639915 360287970189640074 540 3 1224979098644774912 2 2 520 3 1224979098644774913 1224979098644774912 10 30 2 1224979098644774913 1 132 1 1224979098644774913 541 3 1224979098644774913 31 1 2270 1 1224979098644774914 2147484209 3 1224979098644774913 32 1224979098644774914 501 3 1224979098644774913 30 -1 501 3 1224979098644774913 31 0 2133 2 1224979098644774915 200 2120 3 1224979098644774916 1224979098644774914 1224979098644774915 501 3 1224979098644774913 33 1224979098644774916 3 0 
0.500000  34 4 0 200 1 504403158265495589 2147483850 1 504403158265495589 526 3 1224979098644774912 504403158265495589 1 526 3 1224979098644774913 504403158265495589 10 526 3 1224979098644774914 504403158265495589 11 2121 3 1224979098644774915 1224979098644774913 1224979098644774914 1 3 936748722493063648 1224979098644774912 1224979098644774915 2105 2 1224979098644774914 72057594037927936 506 3 504403158265495589 11 1224979098644774914 2147483680 2 1224979098644774913 1224979098644774914 1 2 936748722493063553 504403158265495589 3 0 4 0 200 1 504403158265495571 2147483850 1 504403158265495571 526 3 1224979098644774916 504403158265495571 6 520 3 1224979098644774917 1224979098644774916 10 4 0 32 2 1224979098644774917 0 526 3 1224979098644774913 504403158265495571 10 526 3 1224979098644774914 504403158265495571 11 2121 3 1224979098644774915 1224979098644774913 1224979098644774914 1 3 936748722493063648 1224979098644774917 1224979098644774915 2105 2 1224979098644774914 72057594037927936 506 3 504403158265495571 11 1224979098644774914 4 0 2147483680 2 1224979098644774913 1224979098644774914 1 2 936748722493063553 504403158265495571 3 0 5 0 1 3 936748722493063485 504403158265495571 0 3 0 3 0 
1.000000  14 2147483685 0 200 1 504403158265495590 2147483852 1 504403158265495590 31 2 144115188075856384 1 2105 2 144115188075857307 1 1 2 936748722493063593 1369094286720630801 2133 2 1224979098644774912 72057594037927936 2121 3 1224979098644774913 20 1224979098644774912 2107 2 1224979098644774913 3 2108 2 1224979098644774913 5 30 2 144115188075857307 1224979098644774913 2133 2 144115188075857307 0 1030 3 0 0 0 2060 1 864691128455135385 
24.000000  4 1 1 936748722493063878 1 1 936748722493063876 1 1 936748722493063879 1 1 936748722493063877 
1.000000  30 200 1 504403158265495574 2147483850 1 504403158265495574 4 0 31 2 144115188075857304 0 2281 3 1224979098644774912 144115188075857301 648518346341351424 2147483680 2 1224979098644774912 3 2133 2 144115188075857304 1 2342 2 1 144115188075857301 1106 1 1585267068834414618 3 0 4 0 31 2 144115188075857305 0 2281 3 1224979098644774912 144115188075857302 648518346341351424 2147483680 2 1224979098644774912 3 2133 2 144115188075857305 1 2342 2 1 144115188075857302 1106 1 1585267068834414618 3 0 4 0 31 2 144115188075857306 0 2281 3 1224979098644774912 144115188075857303 648518346341351424 2147483680 2 1224979098644774912 3 2133 2 144115188075857306 1 2342 2 1 144115188075857303 1106 1 1585267068834414618 3 0 31 2 144115188075857304 1 31 2 144115188075857305 1 31 2 144115188075857306 1 1 2 936748722493063553 504403158265495574 
3.000000  7 2147483685 0 200 1 504403158265495559 546 3 504403158265495559 11 0 506 3 504403158265495559 11 1 1030 3 0 0 0 2133 2 144115188075856184 144115188075856178 2133 2 144115188075856393 864691128455135464 
1.000000  55 2147483685 0 200 1 504403158265495557 31 2 144115188075856441 0 31 2 144115188075856383 1 526 3 1224979098644774912 504403158265495557 11 1073741855 2 1224979098644774912 1 1073741855 2 1224979098644774912 2 31 2 1224979098644774912 3 526 3 1224979098644774913 504403158265495557 10 2106 2 1224979098644774913 1 506 3 504403158265495557 10 1224979098644774913 1 2 936748722493063593 1369094286720630784 4 0 2147483678 2 1224979098644774913 0 2133 2 1224979098644774912 4 506 3 504403158265495557 11 4 1030 3 0 0 0 2060 1 864691128455135379 5 0 2133 2 1224979098644774914 144115188075856426 521 3 1224979098644774915 144115188075856431 50 2120 3 1224979098644774916 30 1224979098644774915 2107 2 1224979098644774914 1224979098644774916 2108 2 1224979098644774914 80 4 0 31 2 144115188075856429 1 2108 2 1224979098644774914 2 3 0 2111 2 1224979098644774914 2 2136 3 1224979098644774917 1 1224979098644774914 526 3 1224979098644774918 504403158265495557 22 2105 2 1224979098644774918 1224979098644774917 506 3 504403158265495557 22 1224979098644774918 1 3 936748722493063607 360287970189639680 1224979098644774917 3 0 4 0 31 2 1224979098644774912 1 2106 2 144115188075856427 1 2147483680 2 144115188075856427 0 506 3 504403158265495557 11 2 2060 1 864691128455135382 5 0 31 2 1224979098644774912 2 2106 2 144115188075856428 1 2147483680 2 144115188075856428 0 31 2 144115188075856429 0 506 3 504403158265495557 11 3 2123 3 1224979098644774919 10000 144115188075856425 2105 2 1224979098644774919 30 2136 3 1224979098644774920 0 1000 4 0 2147483678 2 1224979098644774920 1224979098644774919 2060 1 864691128455135383 3 0 3 0 
72.000000  9 32 2 144115188075856251 0 32 2 144115188075856252 0 4 0 2190 3 1224979098644774912 144115188075856251 144115188075856252 2147483678 2 1224979098644774912 0 1 4 936748722493063457 144115188075856251 144115188075856252 1 3 0 2133 2 144115188075856251 0 2133 2 144115188075856252 0 
1.000000  107 2320 2 51 216172782113786386 4 0 32 2 144115188075855886 0 31 2 144115188075856324 0 4 0 2147483758 1 144115188075855886 2147483679 2 144115188075856441 1 2320 2 51 216172782113786391 2133 2 144115188075857230 150 1025 2 144115188075855886 -1 5 0 500 3 144115188075855886 151 8 2133 2 144115188075855886 0 3 0 5 0 32 2 144115188075855884 0 31 2 144115188075856324 0 4 0 110 1 144115188075855884 2147483679 2 144115188075856441 1 2320 2 51 216172782113786387 1025 2 144115188075855884 -1 5 0 2133 2 144115188075855884 0 3 0 5 0 32 2 144115188075856095 0 31 2 144115188075856324 0 31 2 144115188075857094 0 4 0 110 1 144115188075856095 2147483679 2 144115188075856441 1 2320 2 51 216172782113786388 2133 2 144115188075857230 61 1025 2 144115188075856095 -1 5 0 2133 2 144115188075856095 0 3 0 5 0 32 2 144115188075855882 0 31 2 144115188075856324 0 31 2 144115188075857094 0 520 3 1224979098644774912 144115188075855882 71 4 0 110 1 144115188075855882 110 1 1224979098644774912 2147483679 2 144115188075856441 1 2133 2 144115188075857230 72 2320 2 51 216172782113786389 1025 2 144115188075855882 -1 5 0 2133 2 144115188075855882 0 3 0 5 0 32 2 144115188075855885 0 31 2 144115188075856324 0 31 2 144115188075857094 0 4 0 110 1 144115188075855885 2147483679 2 144115188075856441 1 2320 2 51 216172782113786390 2133 2 144115188075857230 145 1025 2 144115188075855885 -1 5 0 2133 2 144115188075855885 0 3 0 5 0 31 2 144115188075856099 0 31 2 144115188075856324 0 32 2 144115188075856098 0 4 0 110 1 144115188075856098 2147483679 2 144115188075856441 1 2133 2 144115188075857230 139 1025 2 144115188075856098 -1 5 0 2133 2 144115188075856098 0 3 0 5 0 31 2 144115188075856100 0 31 2 144115188075856324 0 6 3 1224979098644774913 360287970189639915 360287970189639931 110 1 1224979098644774913 540 3 1224979098644774913 78 0 520 3 1224979098644774914 1224979098644774913 60 32 2 1224979098644774914 0 2281 3 1224979098644774915 1224979098644774914 648518346341351424 2147483678 2 1224979098644774915 7 2133 2 144115188075857230 60 2320 2 51 216172782113786393 1025 2 1224979098644774913 -1 3 0 3 0 4 0 200 1 504403158265495598 33 3 144115188075855942 360287970189640070 360287970189640074 2147483758 1 144115188075855942 2147484188 3 144115188075855942 2 2 1610 3 648518346341351424 144115188075855942 1 3 0 4 0 200 1 504403158265495598 33 3 144115188075855942 360287970189640070 360287970189640074 110 1 144115188075855942 2147484190 3 432345564227567628 8 360287970189639680 1 3 936748722493063679 432345564227567628 360287970189639680 3 0 
4.000000  51 6 3 1224979098644774912 360287970189639915 360287970189640074 560 3 1224979098644774912 55 1 2173 2 1224979098644774913 1224979098644774912 520 3 1224979098644774914 1224979098644774912 55 520 3 1224979098644774915 1224979098644774912 10 2133 2 1224979098644774916 0 4 0 2147483680 2 1224979098644774915 0 2147484208 3 1224979098644774912 8 0 2133 2 1224979098644774916 1 5 0 32 2 1224979098644774915 0 1694 2 1224979098644774917 1224979098644774915 4 0 2147483678 2 1224979098644774917 0 1665 2 1224979098644774917 1224979098644774915 3 0 3221225505 3 1224979098644774917 648518346341351447 648518346341351611 541 3 1224979098644774917 7 1224979098644774912 2133 2 1224979098644774918 360287970189640074 6 3 1224979098644774919 360287970189639915 1224979098644774918 540 3 1224979098644774919 2 2 520 3 1224979098644774920 1224979098644774919 10 132 1 1224979098644774920 2204 2 1224979098644774921 1224979098644774920 31 2 1224979098644774921 1224979098644774913 2281 3 1224979098644774922 1224979098644774915 1224979098644774920 2147483678 2 1224979098644774922 4 2133 2 1224979098644774918 0 3 0 2147483679 2 1224979098644774918 0 2133 2 1224979098644774916 1 3 0 31 2 1224979098644774916 1 1 3 936748722493063397 1224979098644774912 1224979098644774914 500 3 1224979098644774912 55 0 4 0 33 3 1224979098644774914 432345564227567628 432345564227567633 2341 2 1 1224979098644774912 2343 2 2 1224979098644774913 2343 2 3 1224979098644774914 1106 1 1585267068834414619 4 0 31 2 1224979098644774913 144115188075856445 1 4 936748722493063461 864691128455135454 1224979098644774912 1224979098644774914 5 0 31 2 1224979098644774914 144115188075856445 1 4 936748722493063461 864691128455135455 1224979098644774912 1224979098644774913 3 0 3 0 3 0 
1.000000  10 31 2 144115188075856301 1 6 3 1224979098644774912 648518346341351447 648518346341351611 1680 2 1224979098644774913 1224979098644774912 4 0 32 2 1224979098644774913 0 2330 2 2 1224979098644774912 2330 2 3 1224979098644774913 1106 1 1585267068834414620 3 0 3 0 
1.000000  70 2272 1 1224979098644774912 32 2 1224979098644774912 144115188075857308 2271 1 1224979098644774913 30 2 1224979098644774913 18 2136 3 1224979098644774914 0 4 1073741854 2 1224979098644774913 22 31 2 1224979098644774914 0 2133 2 144115188075857308 1224979098644774912 2149 2 1224979098644774915 360287970189639680 4 0 2147483678 2 1224979098644774915 0 2121 3 1224979098644774916 0 1224979098644774915 1528 2 360287970189639680 1224979098644774916 3 0 1671 2 1224979098644774917 648518346341351424 4 0 2320 2 1 216172782113785645 2319 1 2 1650 2 1224979098644774918 648518346341351424 2133 2 1224979098644774919 0 7 3 1224979098644774920 0 1224979098644774918 1652 3 1224979098644774921 648518346341351424 1224979098644774920 2147485155 1 1224979098644774921 1653 3 1224979098644774922 648518346341351424 1224979098644774920 2173 2 1224979098644774923 1224979098644774921 2133 2 1224979098644774924 1224979098644774917 4 0 30 2 1224979098644774923 432345564227567629 2147483678 2 1224979098644774923 432345564227567633 522 3 1224979098644774925 1224979098644774923 99 2108 2 1224979098644774925 100 2105 2 1224979098644774924 1224979098644774925 3 0 2147483678 2 1224979098644774924 32 2121 3 1224979098644774926 36 1224979098644774924 2108 2 1224979098644774926 4 2133 2 1224979098644774927 0 6 3 1224979098644774928 0 1224979098644774922 2136 3 1224979098644774914 0 100 2147483678 2 1224979098644774914 1224979098644774926 2105 2 1224979098644774927 1 1210 2 1224979098644774921 648518346341351424 3 0 4 0 30 2 1224979098644774927 1 2322 2 2 1224979098644774921 2133 2 72057594037927936 1224979098644774927 4 0 30 2 1224979098644774919 1 2320 2 1 216172782113786394 5 0 2320 2 3 1 2320 2 1 216172782113786395 3 0 2105 2 1224979098644774919 1224979098644774927 3 0 3 0 4 0 30 2 1224979098644774919 1 4 0 30 2 1224979098644774919 2 2320 2 2 216172782113785648 5 0 2320 2 2 216172782113785647 3 0 2320 2 1 216172782113786396 31 2 144115188075856324 0 1120 2 1 216172782113785646 3 0 3 0 
1.000000  11 1 1 936748722493063733 2120 3 1224979098644774912 432345564227567629 1 6 3 1224979098644774913 432345564227567629 1224979098644774912 6 3 1224979098644774914 432345564227567629 1224979098644774912 2190 3 1224979098644774915 1224979098644774913 1224979098644774914 2335 2 7 1224979098644774913 2335 2 8 1224979098644774914 2147483679 2 1224979098644774913 1224979098644774914 2133 2 72057594037927937 1224979098644774915 3 0 3 0 
1.000000  35 4 0 31 2 144115188075856441 1 2147483780 1 144115188075856155 1030 3 0 0 0 3 0 2133 2 1224979098644774912 144115188075856285 521 3 1224979098644774913 1224979098644774912 38 31 2 1224979098644774913 0 4 0 521 3 1224979098644774914 1224979098644774912 120 521 3 1224979098644774915 1224979098644774914 240 2270 1 1224979098644774916 31 2 1224979098644774916 1224979098644774915 1678 2 1224979098644774912 1008806316530991157 1678 2 1224979098644774912 1008806316530991158 5 0 2120 3 1224979098644774917 1224979098644774915 4 31 2 1224979098644774917 1224979098644774916 1679 1 1224979098644774912 3 0 2133 2 1224979098644774912 144115188075856285 521 3 1224979098644774913 1224979098644774912 38 31 2 1224979098644774913 0 4 0 521 3 1224979098644774914 1224979098644774912 120 521 3 1224979098644774915 1224979098644774914 240 2270 1 1224979098644774916 31 2 1224979098644774916 1224979098644774915 1678 2 1224979098644774912 1008806316530991157 1678 2 1224979098644774912 1008806316530991158 5 0 2120 3 1224979098644774917 1224979098644774915 4 31 2 1224979098644774917 1224979098644774916 1679 1 1224979098644774912 3 0 
24.000000  42 2106 2 144115188075856448 1 2111 2 144115188075856448 -1 2106 2 144115188075856449 1 2111 2 144115188075856449 -1 1669 2 648518346341351667 216172782113786942 1669 2 648518346341351668 216172782113786944 1669 2 648518346341351669 216172782113786945 1669 2 648518346341351670 216172782113786946 1669 2 648518346341351671 216172782113786947 1669 2 648518346341351672 216172782113786947 500 3 360287970189639925 60 648518346341351453 500 3 360287970189639922 60 648518346341351551 501 3 648518346341351583 214 0 501 3 648518346341351521 214 15 4 0 200 1 504403158265495593 203 1 504403158265495593 1 2 936748722493063556 504403158265495593 3 0 4 0 200 1 504403158265495563 526 3 1224979098644774912 504403158265495563 6 2173 2 1224979098644774913 1224979098644774912 2190 3 1224979098644774914 1224979098644774913 144115188075856445 3221225502 2 1224979098644774914 0 2147483681 3 1224979098644774913 432345564227567628 432345564227567633 1 3 936748722493063485 504403158265495563 0 3 0 4 0 33 3 144115188075856445 432345564227567628 432345564227567633 2147483679 2 144115188075856445 432345564227567628 542 3 144115188075856445 8 360287970189639680 2105 2 144115188075856450 1 5 0 2133 2 144115188075856450 0 3 0 6 3 1224979098644774915 648518346341351447 648518346341351469 521 3 1224979098644774916 1224979098644774915 139 30 2 1224979098644774916 1 2106 2 1224979098644774916 1 501 3 1224979098644774915 139 1224979098644774916 3 0 
48.000000  18 6 3 1224979098644774912 648518346341351617 648518346341351622 1601 2 1224979098644774913 1224979098644774912 2149 2 1224979098644774914 360287970189639680 2122 3 1224979098644774915 1224979098644774913 3 4 0 32 2 1224979098644774913 0 1106 1 1585267068834414621 3 0 4 0 30 2 1224979098644774914 1224979098644774915 1529 2 360287970189639680 1224979098644774915 2122 3 1224979098644774916 1224979098644774913 200 1673 3 1224979098644774912 1224979098644774916 0 5 0 32 2 1224979098644774915 1224979098644774914 1106 2 1585267068834414622 15628100 3 0 3 0 
24.000000  18 507 3 288230376151711862 1 8 507 3 288230376151711860 1 2 507 3 288230376151711851 1 4 507 3 288230376151711856 1 5 507 3 288230376151711852 1 5 507 3 288230376151711854 1 5 507 3 288230376151711868 1 4 507 3 288230376151711866 1 8 507 3 288230376151711861 1 7 507 3 288230376151711867 1 6 507 3 288230376151711859 1 1 507 3 288230376151711855 1 2 507 3 288230376151711858 1 3 507 3 288230376151711857 1 4 507 3 288230376151711847 1 4 507 3 288230376151711853 1 6 507 3 288230376151711849 1 5 507 3 288230376151711850 1 4 
24.000000  5 6 3 1224979098644774912 648518346341351469 648518346341351517 1601 2 1224979098644774913 1224979098644774912 2122 3 1224979098644774914 1224979098644774913 200 1673 3 1224979098644774912 1224979098644774914 0 3 0 
24.000000  5 6 3 1224979098644774912 648518346341351447 648518346341351469 1601 2 1224979098644774913 1224979098644774912 2122 3 1224979098644774914 1224979098644774913 200 1673 3 1224979098644774912 1224979098644774914 0 3 0 
1.000000  21 2147483685 0 2273 0 1073741855 2 144115188075856431 648518346341351658 1073741855 2 144115188075856431 648518346341351659 1073741855 2 144115188075856431 648518346341351660 31 2 144115188075856431 648518346341351661 2270 1 1224979098644774912 30 2 1224979098644774912 144115188075856408 2120 3 144115188075856408 1224979098644774912 24 2149 2 1224979098644774913 360287970189639680 1601 2 1224979098644774914 648518346341351424 2123 3 1224979098644774915 1224979098644774914 4 2105 2 1224979098644774915 1 4 0 30 2 1224979098644774913 1224979098644774915 1106 1 1585267068834414623 1529 2 360287970189639680 1224979098644774915 5 0 32 2 1224979098644774913 0 1529 2 360287970189639680 1224979098644774913 3 0 
168.000000  7 31 2 144115188075857309 1 2171 2 1224979098644774912 144115188075857312 2122 3 1224979098644774913 10 1224979098644774912 1528 2 360287970189639680 1224979098644774913 1062 2 70 360287970189639680 600 2 1152921504606846987 0 2105 2 144115188075857326 7 
72.000000  91 31 2 144115188075857309 1 520 3 1224979098644774912 360287970189639680 110 1515 2 1224979098644774913 360287970189639680 2121 3 1224979098644774914 1224979098644774913 1224979098644774912 2173 2 1224979098644774915 144115188075857319 522 3 1224979098644774916 1224979098644774915 163 4 0 30 2 1224979098644774916 1 1601 2 1224979098644774917 648518346341351424 4 0 31 2 1224979098644774916 1 2133 2 1224979098644774918 9 5 0 2133 2 1224979098644774918 16 3 0 2147483678 2 1224979098644774917 1224979098644774918 2121 3 1224979098644774919 1224979098644774918 1224979098644774917 526 3 1224979098644774920 504403158265495730 11 4 0 31 2 1224979098644774920 1 522 3 1224979098644774921 1224979098644774915 42 5 0 522 3 1224979098644774921 1224979098644774915 164 3 0 32 2 1224979098644774921 0 1610 3 648518346341351424 1224979098644774921 1224979098644774919 1106 2 1585267068834415624 5308240 3 0 4 0 1561 3 1224979098644774922 144115188075857312 0 4 0 31 2 144115188075857347 0 4 0 32 2 1224979098644774916 0 2171 2 1224979098644774923 360287970189639680 2121 3 1224979098644774924 1224979098644774923 1 991 2 1224979098644774924 1224979098644774924 2105 2 1224979098644774923 5 991 2 1224979098644774925 1224979098644774923 2106 2 1224979098644774925 1224979098644774924 5 0 1 2 936748722493063190 144115188075857312 2133 2 1224979098644774925 72057594037927936 3 0 5 0 4 0 32 2 1224979098644774916 0 2171 2 1224979098644774923 360287970189639680 2121 3 1224979098644774924 1224979098644774923 1 991 2 1224979098644774924 1224979098644774924 2105 2 1224979098644774923 5 991 2 1224979098644774925 1224979098644774923 2106 2 1224979098644774925 1224979098644774924 5 0 2171 2 1224979098644774926 144115188075857312 2106 2 1224979098644774926 1 991 2 1224979098644774926 1224979098644774926 2171 2 1224979098644774925 1224979098644774922 4 0 32 2 1224979098644774925 19 2133 2 1224979098644774927 1 5 0 2133 2 1224979098644774927 3 3 0 2106 2 1224979098644774925 1224979098644774927 991 2 1224979098644774925 1224979098644774925 2106 2 1224979098644774925 1224979098644774926 3 0 3 0 30 2 1224979098644774914 1224979098644774925 4 0 1 2 936748722493063953 1224979098644774922 500 3 360287970189639680 110 1224979098644774913 2060 1 864691128455135573 5 0 2133 2 1224979098644774928 72057594037927936 4 0 31 2 1224979098644774928 0 1106 1 1585267068834414624 5 0 31 2 1224979098644774928 1 1106 1 1585267068834414625 5 0 31 2 1224979098644774928 2 1106 1 1585267068834414626 5 0 31 2 1224979098644774928 3 1106 1 1585267068834414627 3 0 3 0 3 0 
1.000000  15 31 2 144115188075857309 1 1021 1 144115188075857310 1623 3 648518346341351424 144115188075857310 1 2133 2 1224979098644774912 0 1540 2 1224979098644774913 360287970189639680 6 3 1224979098644774914 0 1224979098644774913 1541 3 1224979098644774915 360287970189639680 1224979098644774914 30 2 1224979098644774915 0 33 3 1224979098644774915 288230376151711851 288230376151711882 2105 2 1224979098644774912 1 3 0 4 0 2147483678 2 1224979098644774912 2 1530 2 360287970189639680 288230376151711862 3 0 
5.000000  4 31 2 144115188075857309 1 2136 3 1224979098644774912 0 100 30 2 1224979098644774912 50 1 1 936748722493063956 
999.000000  0 
999.000000  0 
999.000000  0 
999.000000  0 
999.000000  0 
999.000000  0 
999.000000  0 
999.000000  0 
999.000000  0 
999.000000  0 
999.000000  0 
999.000000  0 
999.000000  0 
999.000000  0 
999.000000  0 
999.000000  0 
999.000000  0 
999.000000  0 
999.000000  0 
999.000000  0 
999.000000  0 
999.000000  0 
999.000000  0 
999.000000  0 
999.000000  0 
999.000000  0 
